_sword_blur:
  Attack_Lsword:
    end: 20
    frame_num: 50
    mtx:
    - - - [0.860324025, 0.455886006, 0.226190999, -1.68330598]
        - [0.385533005, -0.873842001, 0.294663012, 0.784623027]
        - [0.332107991, -0.166374996, -0.92791301, 0.303115994]
      - - [-0.191461995, -0.428234994, 0.883116007, 0.0728399977]
        - [0.846051991, -0.528002024, -0.0725879967, 1.11067498]
        - [0.497400999, 0.733291984, 0.46341899, 0.419669986]
    - - - [0.870815992, 0.452735007, 0.188691005, -1.68985105]
        - [0.392026991, -0.873561978, 0.286505997, 0.76058197]
        - [0.294732004, -0.175657004, -0.938739002, 0.38024199]
      - - [-0.182025, -0.400864989, 0.897714019, 0.067753002]
        - [0.852814972, -0.518648982, -0.058681, 1.10603201]
        - [0.489261001, 0.755014002, 0.436334997, 0.417658001]
    - - - [0.876498997, 0.456607997, 0.149253994, -1.69391]
        - [0.405317992, -0.869642019, 0.279922992, 0.742506027]
        - [0.257761002, -0.184946001, -0.947726011, 0.458335012]
      - - [-0.173106998, -0.373605013, 0.911206007, 0.0629229993]
        - [0.859395981, -0.509068012, -0.0454440005, 1.10296094]
        - [0.48091799, 0.775261998, 0.40922001, 0.413058996]
    - - - [0.874692976, 0.470638007, 0.110703997, -1.691921]
        - [0.427767992, -0.860032022, 0.276354015, 0.726060987]
        - [0.225427002, -0.194551006, -0.954155982, 0.525485992]
      - - [-0.165556997, -0.349361002, 0.922098994, 0.058809001]
        - [0.865310013, -0.499875993, -0.0340449996, 1.10051501]
        - [0.472959012, 0.792365015, 0.385111988, 0.406336993]
    - - - [0.869140029, 0.488691986, 0.0691279992, -1.68873799]
        - [0.454852998, -0.847344995, 0.272049993, 0.712952018]
        - [0.191675007, -0.205054, -0.959204018, 0.593491971]
      - - [-0.158213004, -0.324928999, 0.932310998, 0.0549210012]
        - [0.871062994, -0.490357995, -0.0230640005, 1.09871304]
        - [0.464744985, 0.808557987, 0.360662013, 0.397704005]
    - - - [0.858173013, 0.512049973, 0.0199800003, -1.68478405]
        - [0.489271998, -0.830238998, 0.265246004, 0.702624977]
        - [0.152546003, -0.217932001, -0.963437021, 0.673816025]
      - - [-0.150545001, -0.295924008, 0.943174005, 0.0512389988]
        - [0.876874983, -0.480390012, -0.01076, 1.09742498]
        - [0.456360996, 0.825459003, 0.331822008, 0.387879014]
    - - - [0.842037022, 0.537549973, -0.0314750001, -1.67891598]
        - [0.526794016, -0.81012398, 0.255118996, 0.695735991]
        - [0.111720003, -0.231517002, -0.965839028, 0.754958987]
      - - [-0.143123999, -0.267080992, 0.952883005, 0.0477459989]
        - [0.882477999, -0.470138013, 0.000775999972, 1.09652495]
        - [0.44786799, 0.841134012, 0.303025991, 0.377622992]
    - - - [0.824333012, 0.559889972, -0.0772330016, -1.67277002]
        - [0.560211003, -0.791354001, 0.242301002, 0.693166971]
        - [0.0746029988, -0.243092999, -0.966526985, 0.826192975]
      - - [-0.135968, -0.242976993, 0.960362971, 0.0444249995]
        - [0.887642026, -0.460162997, 0.00926200021, 1.09602296]
        - [0.439749986, 0.853797019, 0.278270006, 0.367671013]
    - - - [0.802855015, 0.582135022, -0.123920999, -1.66464698]
        - [0.594089985, -0.771179974, 0.225967005, 0.691775978]
        - [0.0360380001, -0.255178988, -0.965601027, 0.897790015]
      - - [-0.129162997, -0.219132006, 0.966996014, 0.0412559994]
        - [0.892715991, -0.450078011, 0.0172450002, 1.09575605]
        - [0.431537986, 0.865544975, 0.253775001, 0.357854992]
    - - - [0.774462998, 0.606438994, -0.177653998, -1.65353596]
        - [0.631766021, -0.747609973, 0.202164993, 0.689283013]
        - [-0.0101049999, -0.268860012, -0.962599993, 0.980104983]
      - - [-0.122299001, -0.192162007, 0.973573029, 0.0379329994]
        - [0.898186982, -0.438502014, 0.0262800008, 1.09527898]
        - [0.42197901, 0.877797008, 0.226260006, 0.347618014]
    - - - [0.741436005, 0.628784001, -0.232393995, -1.63875103]
        - [0.667721987, -0.723390996, 0.172799006, 0.689517021]
        - [-0.0594570003, -0.283396989, -0.95658201, 1.06560898]
      - - [-0.115796, -0.165390998, 0.979348004, 0.0347700007]
        - [0.903638005, -0.426618993, 0.0348119996, 1.09560204]
        - [0.412097007, 0.889090002, 0.198872, 0.337996006]
    - - - [0.705232978, 0.647081971, -0.287824005, -1.61986399]
        - [0.699389994, -0.70015198, 0.139479995, 0.694181025]
        - [-0.111230001, -0.299800009, -0.946875989, 1.15116]
      - - [-0.109811001, -0.139356002, 0.984044015, 0.0318429992]
        - [0.908946991, -0.414537013, 0.0427220017, 1.09774101]
        - [0.402040988, 0.899185002, 0.172196999, 0.329346001]
    - - - [0.665795028, 0.661468983, -0.343401998, -1.594486]
        - [0.72674799, -0.678131998, 0.102727003, 0.704034984]
        - [-0.164937004, -0.318024009, -0.932871997, 1.23482096]
      - - [-0.104331002, -0.114436999, 0.987789989, 0.0291840006]
        - [0.913908005, -0.402458996, 0.049904, 1.10199499]
        - [0.391948014, 0.908083022, 0.146594003, 0.321148008]
    - - - [0.628445029, 0.670109987, -0.39330101, -1.56586301]
        - [0.747133017, -0.660184026, 0.0689750016, 0.718962014]
        - [-0.213540003, -0.337388009, -0.916164994, 1.30452502]
      - - [-0.0996199995, -0.0932779983, 0.99049598, 0.0269489996]
        - [0.918272972, -0.391820997, 0.0554439984, 1.10845494]
        - [0.383038998, 0.915201008, 0.124706, 0.313562989]
    - - - [0.58938998, 0.674400985, -0.443273008, -1.53234398]
        - [0.762995005, -0.644421995, 0.0340530016, 0.737408996]
        - [-0.262796998, -0.358406991, -0.895031989, 1.37220299]
      - - [-0.0952680036, -0.0725570023, 0.992681026, 0.0249090008]
        - [0.922415018, -0.381067991, 0.0606729984, 1.11672604]
        - [0.373968005, 0.921530008, 0.103240997, 0.306010991]
    - - - [0.541719019, 0.676066995, -0.498351991, -1.48732102]
        - [0.777252972, -0.628300011, -0.00739799999, 0.756875992]
        - [-0.318212986, -0.383462995, -0.866333008, 1.44978905]
      - - [-0.0912560001, -0.0487469994, 0.994557977, 0.0230119992]
        - [0.926796019, -0.369401008, 0.0669289976, 1.12608397]
        - [0.364183009, 0.927860975, 0.0788889974, 0.298498005]
    - - - [0.492229998, 0.672692001, -0.551400006, -1.43450999]
        - [0.786288023, -0.614965975, -0.0483779982, 0.776634991]
        - [-0.37182501, -0.409913003, -0.83218199, 1.52493596]
      - - [-0.0874679983, -0.0257089995, 0.995716989, 0.0212239996]
        - [0.930950999, -0.357558995, 0.0725459978, 1.13576901]
        - [0.354245991, 0.933393002, 0.055213999, 0.291031003]
    - - - [0.448716998, 0.664777994, -0.596376002, -1.38215399]
        - [0.788622022, -0.608144999, -0.0846000016, 0.798704028]
        - [-0.419117004, -0.432554007, -0.797609985, 1.59153199]
      - - [-0.0841739997, -0.00654600002, 0.996285975, 0.0196320005]
        - [0.934964001, -0.345936, 0.0767199993, 1.14509797]
        - [0.344247997, 0.938076973, 0.0352430008, 0.28361699]
    - - - [0.403968006, 0.653275013, -0.639539003, -1.32204401]
        - [0.787319005, -0.603855014, -0.119523004, 0.821919024]
        - [-0.464475006, -0.455365986, -0.758790016, 1.656721]
      - - [-0.0810289979, 0.0120949997, 0.996496975, 0.0180779994]
        - [0.938894987, -0.334345013, 0.0803989992, 1.154194]
        - [0.33423999, 0.942261994, 0.0157379992, 0.276261985]
    - - - [0.353462994, 0.634562016, -0.686559021, -1.24518704]
        - [0.781300008, -0.603366971, -0.155459002, 0.849851012]
        - [-0.513081014, -0.481667995, -0.709526002, 1.72853899]
      - - [-0.0775030032, 0.0329569988, 0.996320009, 0.0162840001]
        - [0.942914009, -0.321812987, 0.0839969963, 1.16348398]
        - [0.323478997, 0.946083009, -0.00613499992, 0.268263996]
    - - - [0.302670985, 0.611120999, -0.730802, -1.15839696]
        - [0.770933986, -0.607491016, -0.188700005, 0.882197022]
        - [-0.559458971, -0.506444991, -0.655368984, 1.79822695]
      - - [-0.0740740001, 0.0534209982, 0.995729983, 0.0144769996]
        - [0.946924984, -0.309249014, 0.087030001, 1.17203605]
        - [0.312633991, 0.949413002, -0.0276810005, 0.260235012]
    - - - [0.252016008, 0.584320009, -0.77087301, -1.06142998]
        - [0.756973982, -0.614838004, -0.218631998, 0.91900599]
        - [-0.601915002, -0.528611004, -0.597581983, 1.86054802]
      - - [-0.0708099976, 0.0730390027, 0.994782984, 0.0126830004]
        - [0.950676978, -0.296714008, 0.0894640014, 1.17956901]
        - [0.301717997, 0.952068985, -0.0484270006, 0.252243996]
    - - - [0.201958001, 0.555124998, -0.806347013, -0.959502995]
        - [0.741312027, -0.624386013, -0.244207993, 0.957813025]
        - [-0.639267027, -0.548686981, -0.537909985, 1.91837502]
      - - [-0.0677990019, 0.0916500017, 0.993425012, 0.0109649999]
        - [0.954317987, -0.284346014, 0.0913610011, 1.18663299]
        - [0.290881008, 0.954294026, -0.0681890026, 0.244388998]
    - - - [0.155433998, 0.527392983, -0.834502995, -0.861229002]
        - [0.726118028, -0.633406997, -0.265083998, 0.994087994]
        - [-0.668769002, -0.565083981, -0.481752008, 1.97025394]
      - - [-0.0652140006, 0.108244002, 0.991859972, 0.00944100041]
        - [0.957451999, -0.272810012, 0.0927250013, 1.19329202]
        - [0.280694008, 0.955806971, -0.0858569965, 0.237250999]
    - - - [0.107573003, 0.497999012, -0.859826028, -0.758704007]
        - [0.711259007, -0.642488003, -0.283140987, 1.03125596]
        - [-0.693782985, -0.581384003, -0.423601002, 2.0179801]
      - - [-0.0628359988, 0.124168999, 0.990131021, 0.00797700044]
        - [0.960560977, -0.261364013, 0.0937329978, 1.199839]
        - [0.270496994, 0.957099974, -0.102862, 0.230155006]
    - - - [0.0578889996, 0.461089998, -0.884823978, -0.647478998]
        - [0.696525991, -0.653249979, -0.294867992, 1.07062995]
        - [-0.714406013, -0.599659979, -0.359234989, 2.061831]
      - - [-0.060628999, 0.139515996, 0.988273025, 0.00656400016]
        - [0.963495016, -0.249991998, 0.0944060013, 1.2062]
        - [0.260277003, 0.958061993, -0.119283997, 0.223124996]
    - - - [0.00780900009, 0.418817014, -0.907464027, -0.534721017]
        - [0.684760988, -0.663114011, -0.300211996, 1.10930598]
        - [-0.727928996, -0.619288027, -0.292109013, 2.09615803]
      - - [-0.0585619994, 0.154284999, 0.986150026, 0.00519199995]
        - [0.966298997, -0.238760993, 0.0947379991, 1.21227396]
        - [0.250138998, 0.958607018, -0.135123998, 0.216186002]
    - - - [-0.0393039994, 0.376217008, -0.925023973, -0.43205899]
        - [0.677828014, -0.669634998, -0.301201999, 1.14376104]
        - [-0.733211994, -0.639190018, -0.228829995, 2.11661696]
      - - [-0.0567790009, 0.167624995, 0.98407799, 0.00385099999]
        - [0.968841016, -0.228384003, 0.0947979987, 1.21770298]
        - [0.240703002, 0.958934009, -0.149455994, 0.209363997]
    - - - [-0.087135002, 0.327271014, -0.940389991, -0.330255985]
        - [0.675298989, -0.674055994, -0.297212988, 1.17578495]
        - [-0.731481016, -0.661221981, -0.162349001, 2.13001394]
      - - [-0.0550989993, 0.180592999, 0.981913984, 0.00253399997]
        - [0.971185982, -0.218090996, 0.0946130008, 1.22284901]
        - [0.231279001, 0.95895803, -0.163394004, 0.202684999]
    - - - [-0.142341003, 0.262385994, -0.95372802, -0.215526998]
        - [0.679836988, -0.673937023, -0.286897004, 1.20742702]
        - [-0.718473971, -0.689594984, -0.0824510008, 2.13883996]
      - - [-0.0532980002, 0.195159003, 0.979192019, 0.00122900004]
        - [0.973833978, -0.206478998, 0.0941530019, 1.22833204]
        - [0.220614001, 0.958689988, -0.179067001, 0.195533007]
    - - - [-0.198686004, 0.181211993, -0.962467015, -0.101478003]
        - [0.692439973, -0.668533981, -0.268821001, 1.23529196]
        - [-0.692629993, -0.720248997, 0.00733500021, 2.14100504]
      - - [-0.0515710004, 0.209525004, 0.976360977, -6.19999992e-05]
        - [0.976275027, -0.194795996, 0.0933730006, 1.23343301]
        - [0.209788993, 0.958086014, -0.194523007, 0.188498005]
    - - - [-0.255989999, 0.0774189979, -0.96300298, 0.00984899979]
        - [0.714748979, -0.655113995, -0.242651001, 1.25766098]
        - [-0.650029004, -0.750752985, 0.112410001, 2.13654399]
      - - [-0.0500000007, 0.223371997, 0.973374009, -0.00136400003]
        - [0.978652, -0.183262005, 0.0923260003, 1.23796999]
        - [0.199035004, 0.957252979, -0.209448993, 0.181714997]
    - - - [-0.309617013, -0.0466779992, -0.949186981, 0.117936999]
        - [0.743806005, -0.633262992, -0.211521998, 1.27651298]
        - [-0.59146601, -0.771816015, 0.230882004, 2.124506]
      - - [-0.0485940017, 0.236468002, 0.970346987, -0.00266200001]
        - [0.98081702, -0.171975002, 0.0910279974, 1.24199104]
        - [0.188428998, 0.956166029, -0.223576993, 0.175220996]
    - - - [-0.35433501, -0.177045003, -0.917694986, 0.214827999]
        - [0.774205983, -0.605315983, -0.182170004, 1.29282296]
        - [-0.523540974, -0.775232971, 0.351698011, 2.10650992]
      - - [-0.0474620014, 0.248154998, 0.967513978, -0.00394799979]
        - [0.982707977, -0.161544994, 0.0896439999, 1.24533904]
        - [0.178558007, 0.955057025, -0.236201003, 0.169469997]
    - - - [-0.389674991, -0.319043994, -0.863193989, 0.310012996]
        - [0.806846023, -0.569280028, -0.153818995, 1.30736804]
        - [-0.442584991, -0.75673002, 0.479600996, 2.08136511]
      - - [-0.0464709997, 0.259342998, 0.964570999, -0.00521099987]
        - [0.984517992, -0.151218995, 0.0880860016, 1.24833906]
        - [0.168736994, 0.953772008, -0.248310998, 0.163864002]
    - - - [-0.408495992, -0.474449009, -0.779214025, 0.405912995]
        - [0.842561007, -0.523222029, -0.123280004, 1.31823206]
        - [-0.349254996, -0.707215011, 0.613801003, 2.04845905]
      - - [-0.0455939993, 0.270164013, 0.961664021, -0.00644000014]
        - [0.986123025, -0.141019002, 0.0863749981, 1.25106502]
        - [0.158969, 0.952315986, -0.260001987, 0.158373997]
    - - - [-0.411036015, -0.619774997, -0.667626023, 0.497803986]
        - [0.875181019, -0.472066998, -0.100553997, 1.32722604]
        - [-0.252988011, -0.625880003, 0.736824989, 2.00765395]
      - - [-0.0448190011, 0.280662, 0.958649993, -0.0076270001]
        - [0.987698972, -0.131018996, 0.0845320001, 1.25358498]
        - [0.149358004, 0.950720012, -0.271358013, 0.152970001]
    - - - [-0.400822997, -0.735599995, -0.545271993, 0.57723403]
        - [0.900438011, -0.424576014, -0.0891299993, 1.33526802]
        - [-0.166088998, -0.526760995, 0.832898974, 1.96459198]
      - - [-0.044174999, 0.290174007, 0.955848992, -0.00876200013]
        - [0.988996983, -0.121823996, 0.0826900005, 1.25576198]
        - [0.140468001, 0.949069023, -0.281623989, 0.147625998]
    - - - [-0.378289998, -0.830425978, -0.407568008, 0.651943028]
        - [0.921002984, -0.378598005, -0.0835359991, 1.34284902]
        - [-0.0849130005, -0.407092005, 0.908630013, 1.91579294]
      - - [-0.0435930006, 0.299488991, 0.953006983, -0.00983299967]
        - [0.990212023, -0.112781003, 0.0807399973, 1.25782704]
        - [0.131686002, 0.94729197, -0.291669995, 0.142312005]
    - - - [-0.342065006, -0.907872021, -0.240125, 0.731396019]
        - [0.939009011, -0.331974, -0.0826790035, 1.35126901]
        - [-0.00460299989, -0.253717005, 0.966648996, 1.85345805]
      - - [-0.0429789983, 0.310045004, 0.949620008, -0.0109040001]
        - [0.991562009, -0.102642, 0.0783829987, 1.260167]
        - [0.121803001, 0.945079029, -0.303050011, 0.136491999]
    - - - [-0.297219992, -0.951968014, -0.0661019981, 0.805101991]
        - [0.952374995, -0.291545987, -0.0828140005, 1.35983896]
        - [0.0595839992, -0.0874949992, 0.993772984, 1.78428602]
      - - [-0.042417001, 0.320587993, 0.946174979, -0.0119099999]
        - [0.99268502, -0.0925140008, 0.0758519992, 1.26243496]
        - [0.111870997, 0.942579985, -0.314355999, 0.130616993]
    - - - [-0.250909001, -0.961808026, 0.104079999, 0.873323023]
        - [0.961889982, -0.259494007, -0.0793939978, 1.36881304]
        - [0.103494003, 0.080358997, 0.990765989, 1.70895398]
      - - [-0.0419440009, 0.330886006, 0.942596018, -0.0128589999]
        - [0.993789971, -0.0825639963, 0.0732029974, 1.26458597]
        - [0.102073997, 0.939926982, -0.325408012, 0.124784]
    - - - [-0.206841007, -0.941242993, 0.264573008, 0.936109006]
        - [0.969299018, -0.232739002, -0.0700389966, 1.37830997]
        - [0.127651006, 0.242353007, 0.961084008, 1.63014698]
      - - [-0.0415569991, 0.34087199, 0.939113975, -0.0137440003]
        - [0.994732022, -0.0728700012, 0.070472002, 1.26653802]
        - [0.0924689993, 0.937214017, -0.336089998, 0.119097002]
    - - - [-0.171286002, -0.899442017, 0.400647014, 0.990796983]
        - [0.975485027, -0.210535005, -0.0555250011, 1.387357]
        - [0.134397, 0.381653994, 0.913891017, 1.55638301]
      - - [-0.0413069986, 0.349804997, 0.935764015, -0.014525]
        - [0.995505989, -0.0639400035, 0.0678460002, 1.26811504]
        - [0.0835890025, 0.934481978, -0.34563601, 0.113976002]
    - - - [-0.142619997, -0.838512003, 0.525058985, 1.04232001]
        - [0.980973005, -0.188748002, -0.0348949991, 1.39658594]
        - [0.128461003, 0.510479987, 0.84978801, 1.48003995]
      - - [-0.0411389992, 0.358520001, 0.932498991, -0.0152629996]
        - [0.996267974, -0.0551670007, 0.0651590005, 1.26953804]
        - [0.074819997, 0.931822002, -0.354959011, 0.108911]
    - - - [-0.123571001, -0.754267991, 0.643814981, 1.09278297]
        - [0.985912025, -0.163975999, -0.00301799993, 1.40628302]
        - [0.107915998, 0.634760976, 0.764294982, 1.39463305]
      - - [-0.0410230011, 0.367017001, 0.929183006, -0.0159370005]
        - [0.99683398, -0.0465749986, 0.0624070019, 1.270841]
        - [0.0661960021, 0.928924024, -0.363992006, 0.103886999]
    - - - [-0.116210997, -0.656787992, 0.744184017, 1.14018202]
        - [0.989467978, -0.136085004, 0.0343430005, 1.41633606]
        - [0.0787890032, 0.740871012, 0.665988982, 1.30733597]
      - - [-0.0409259982, 0.375315011, 0.925843, -0.0165299997]
        - [0.997352004, -0.0382670015, 0.059599001, 1.27205503]
        - [0.0578139983, 0.925953984, -0.372803986, 0.0988899991]
    - - - [-0.119773999, -0.562884986, 0.817000985, 1.180668]
        - [0.991059005, -0.108289003, 0.0705720037, 1.42570305]
        - [0.0487600006, 0.818787992, 0.57111901, 1.22778106]
      - - [-0.0408720002, 0.382948011, 0.922775984, -0.0170230009]
        - [0.997824013, -0.0307330005, 0.0569499992, 1.27321303]
        - [0.0501770005, 0.923218012, -0.380908996, 0.0939069986]
    - - - [-0.132677004, -0.466286004, 0.873865008, 1.21836305]
        - [0.990431011, -0.0771659985, 0.109186999, 1.43519104]
        - [0.0165909994, 0.880544007, 0.472261995, 1.147259]
      - - [-0.0408260003, 0.390448987, 0.919579029, -0.0173969995]
        - [0.998126984, -0.0234280005, 0.054260999, 1.27434695]
        - [0.0427410007, 0.920194983, -0.388812989, 0.0889229998]
    - - - [-0.157098994, -0.358211011, 0.919668019, 1.25790799]
        - [0.986850023, -0.038226001, 0.153650001, 1.44527996]
        - [-0.0198270008, 0.932178974, 0.359607011, 1.05640304]
      - - [-0.040750999, 0.398983002, 0.915907025, -0.0176689997]
        - [0.998431027, -0.0154339997, 0.051146999, 1.27559304]
        - [0.0345520005, 0.916678011, -0.397781998, 0.0834669992]
    start: 15
  Attack_Sword:
    end: 35
    frame_num: 80
    mtx:
    - - - [0.844797015, 0.338923007, 0.412537992, -1.51312995]
        - [0.153871998, -0.893947005, 0.419010013, 2.94150209]
        - [0.511206985, -0.290865988, -0.80794698, -0.777933002]
      - - [0.00966100022, -0.120849997, 0.992475986, -0.0594879985]
        - [0.641763985, -0.760262012, -0.0988219976, 1.27891898]
        - [0.76670903, 0.637980998, 0.0702219978, -0.196706995]
    - - - [0.869033992, 0.296261996, 0.394811988, -1.57215405]
        - [0.138022006, -0.913326979, 0.381186992, 2.92802]
        - [0.473881006, -0.277119011, -0.835189998, -0.723469973]
      - - [0.0258809999, -0.0994760022, 0.994588971, -0.0609119982]
        - [0.649182975, -0.754814029, -0.0923900008, 1.27753103]
        - [0.760093987, 0.648153007, 0.0450490005, -0.188059002]
    - - - [0.893625975, 0.251094013, 0.370474011, -1.63968503]
        - [0.120058, -0.931442976, 0.341533989, 2.90818501]
        - [0.431134999, -0.260986, -0.863053977, -0.658128977]
      - - [0.0432870016, -0.0773869976, 0.995957971, -0.0623739995]
        - [0.657096982, -0.748601973, -0.0867320001, 1.27590001]
        - [0.752442002, 0.658281982, 0.0184489992, -0.179401994]
    - - - [0.917210996, 0.20499, 0.339682013, -1.71248996]
        - [0.100023001, -0.947474003, 0.301400006, 2.88270998]
        - [0.383854002, -0.242824003, -0.89022398, -0.579486012]
      - - [0.0617640018, -0.0544370003, 0.996478021, -0.0638730004]
        - [0.66534102, -0.741861999, -0.0817700028, 1.27402306]
        - [0.743888021, 0.668119013, -0.00960200001, -0.170737997]
    - - - [0.939136982, 0.159272999, 0.302763999, -1.78741503]
        - [0.0782440007, -0.961072981, 0.262362987, 2.85256791]
        - [0.333083987, -0.222937003, -0.915534019, -0.486411989]
      - - [0.0811690018, -0.0305020008, 0.996133983, -0.0654079989]
        - [0.673659027, -0.734790027, -0.0774009973, 1.271896]
        - [0.734454989, 0.677377999, -0.0390969999, -0.162071005]
    - - - [0.958109021, 0.115105003, 0.260473996, -1.86004698]
        - [0.0553429984, -0.972065985, 0.225700006, 2.81817603]
        - [0.279404014, -0.202000007, -0.938165009, -0.378113002]
      - - [0.101346001, -0.00549100013, 0.994795978, -0.0669780001]
        - [0.681962013, -0.727652013, -0.0734869987, 1.26951599]
        - [0.724327981, 0.685864985, -0.0700009987, -0.153403997]
    - - - [0.973582983, 0.0737709999, 0.213560998, -1.92693901]
        - [0.0319380015, -0.980147004, 0.192410007, 2.77927899]
        - [0.223671004, -0.180713996, -0.957183003, -0.255338997]
      - - [0.12207, 0.0206870008, 0.992258012, -0.0685829967]
        - [0.689889014, -0.720384002, -0.0698760003, 1.26687896]
        - [0.713425994, 0.693126976, -0.102215998, -0.144741997]
    - - - [0.985372007, 0.0362330005, 0.163077995, -1.984869]
        - [0.00909600034, -0.985769987, 0.163634002, 2.73650408]
        - [0.166839004, -0.159939006, -0.972248971, -0.120122001]
      - - [0.143151999, 0.0480379984, 0.98842901, -0.0702219978]
        - [0.697507977, -0.713301003, -0.0663670003, 1.26398206]
        - [0.702004015, 0.699015975, -0.135631993, -0.136087999]
    - - - [0.993474007, 0.00352600007, 0.110270999, -2.0317359]
        - [-0.0121029997, -0.989507973, 0.140226007, 2.68990397]
        - [0.109798998, -0.140796006, -0.983484983, 0.0245890003]
      - - [0.164346993, 0.0765689984, 0.98329097, -0.0718950033]
        - [0.704703987, -0.706565022, -0.062752001, 1.26082206]
        - [0.690138996, 0.703337014, -0.170102999, -0.127444997]
    - - - [0.99751699, -0.0234960001, 0.0565650016, -2.06554794]
        - [-0.0303509999, -0.991270006, 0.122817002, 2.63887095]
        - [0.0532590002, -0.124485001, -0.990238011, 0.175479993]
      - - [0.185366005, 0.106279001, 0.97675401, -0.073601]
        - [0.711308002, -0.700168014, -0.0588200018, 1.25739598]
        - [0.677838981, 0.705776989, -0.205412999, -0.118817002]
    - - - [0.998443007, -0.0441629998, 0.00332499994, -2.08635092]
        - [-0.0443009995, -0.991972983, 0.112332001, 2.58384395]
        - [-0.00167999999, -0.112522997, -0.993116975, 0.328350991]
      - - [0.205963999, 0.137073994, 0.968760014, -0.0753389969]
        - [0.717444003, -0.694251001, -0.0543150008, 1.25369895]
        - [0.665310025, 0.706318974, -0.241368994, -0.110209003]
    - - - [0.996326029, -0.0606839992, -0.0488299988, -2.09545207]
        - [-0.0550410002, -0.991759002, 0.109425001, 2.51988792]
        - [-0.0550340004, -0.106572002, -0.99228102, 0.481898993]
      - - [0.226740003, 0.169751003, 0.958904982, -0.0771090016]
        - [0.723259985, -0.688657999, -0.0490959994, 1.24972904]
        - [0.652206004, 0.704770029, -0.27895999, -0.101622]
    - - - [0.991384983, -0.0762450024, -0.101305, -2.09274292]
        - [-0.0646319985, -0.990777016, 0.113280997, 2.44432402]
        - [-0.109047003, -0.105916001, -0.987838984, 0.638027012]
      - - [0.248274997, 0.204614997, 0.946681976, -0.0789100006]
        - [0.728761971, -0.683170974, -0.0434670001, 1.24548304]
        - [0.638033986, 0.700797021, -0.318774998, -0.0930619985]
    - - - [0.983052015, -0.0913679972, -0.155838996, -2.07604289]
        - [-0.072600998, -0.989126027, 0.122238003, 2.35962009]
        - [-0.165392995, -0.109062999, -0.979607999, 0.796630025]
      - - [0.270274013, 0.240878999, 0.932003975, -0.0807420015]
        - [0.733865976, -0.678003013, -0.0376029983, 1.24095595]
        - [0.623025, 0.69422698, -0.360071003, -0.0845310017]
    - - - [0.970453024, -0.106369004, -0.213701993, -2.043751]
        - [-0.0783979967, -0.986885011, 0.135167003, 2.26823092]
        - [-0.225456998, -0.114592001, -0.966781974, 0.956901014]
      - - [0.292409003, 0.277758002, 0.914910018, -0.0826030001]
        - [0.738488019, -0.673280001, -0.0316429995, 1.23614597]
        - [0.607371986, 0.684997976, -0.402049989, -0.0760330036]
    - - - [0.952934027, -0.121427998, -0.276030004, -1.99541295]
        - [-0.0816669986, -0.98446399, 0.151059002, 2.17309904]
        - [-0.29025501, -0.121586002, -0.948559999, 1.11757696]
      - - [0.314325988, 0.314485013, 0.89557302, -0.0844929963]
        - [0.742576003, -0.669067979, -0.0256939996, 1.23105001]
        - [0.591261983, 0.673195004, -0.443892002, -0.0675719976]
    - - - [0.928593993, -0.136681005, -0.343313992, -1.93009102]
        - [-0.0818829983, -0.981463015, 0.169102997, 2.07663894]
        - [-0.360307992, -0.129066005, -0.923196971, 1.27675605]
      - - [0.335660994, 0.350326002, 0.874311984, -0.0864119977]
        - [0.746137977, -0.665373981, -0.0198340006, 1.22566295]
        - [0.574903011, 0.659084022, -0.484782994, -0.0591519997]
    - - - [0.895971, -0.152245, -0.41594401, -1.84922695]
        - [-0.0786409974, -0.978286028, 0.188629001, 1.98171198]
        - [-0.435903013, -0.136345997, -0.888989985, 1.43280399]
      - - [0.356014013, 0.384627998, 0.851583004, -0.0883589983]
        - [0.749176979, -0.662117004, -0.0141589995, 1.21998298]
        - [0.558466971, 0.643054008, -0.523899972, -0.050774999]
    - - - [0.85245502, -0.168142006, -0.493795007, -1.75356996]
        - [-0.0713099986, -0.97457999, 0.208733007, 1.89047503]
        - [-0.51672399, -0.142757997, -0.84333998, 1.58406699]
      - - [0.375001997, 0.416765988, 0.827938974, -0.0903329998]
        - [0.751785994, -0.659171999, -0.00872700009, 1.21400499]
        - [0.542218029, 0.625752985, -0.560552001, -0.0424470007]
    - - - [0.795157015, -0.184178993, -0.576561987, -1.64483094]
        - [-0.0591930002, -0.97103101, 0.228486001, 1.80507004]
        - [-0.602310002, -0.147733003, -0.783680022, 1.73000705]
      - - [0.392269999, 0.446260989, 0.804157019, -0.0923329964]
        - [0.754158974, -0.656431019, -0.00361800008, 1.20772898]
        - [0.526416004, 0.607972026, -0.59413898, -0.0341689996]
    - - - [0.720578015, -0.199624002, -0.663174987, -1.52483404]
        - [-0.0412189998, -0.967604995, 0.246443003, 1.72676301]
        - [-0.691376984, -0.150262997, -0.705865979, 1.87070596]
      - - [0.407496005, 0.472811013, 0.781189978, -0.0943600014]
        - [0.756560028, -0.653809011, 0.00105600001, 1.201159]
        - [0.511317015, 0.590627015, -0.624176979, -0.0259470008]
    - - - [0.621093988, -0.212212995, -0.753672004, -1.39263403]
        - [-0.0106929997, -0.964154005, 0.262591988, 1.649701]
        - [-0.782878995, -0.155166, -0.601489007, 2.00675607]
      - - [0.420935988, 0.497078001, 0.758580983, -0.096412003]
        - [0.758889973, -0.650988996, 0.00548100006, 1.19416201]
        - [0.496695012, 0.573453009, -0.651342988, -0.0176430009]
    - - - [0.491389006, -0.223322004, -0.841077983, -1.246418]
        - [0.0342090018, -0.960093975, 0.274899989, 1.56774199]
        - [-0.869500995, -0.163893998, -0.464412004, 2.1365211]
      - - [0.433196992, 0.520159006, 0.735992014, -0.0984890014]
        - [0.761318982, -0.648177028, 0.00990999956, 1.18668795]
        - [0.482235014, 0.556056023, -0.676823974, -0.00917799957]
    - - - [0.331548005, -0.235317007, -0.912904024, -1.08389497]
        - [0.0862720013, -0.956049025, 0.277693987, 1.48222601]
        - [-0.938832998, -0.170914993, -0.296880007, 2.25588799]
      - - [0.444148004, 0.541760027, 0.713414013, -0.100589]
        - [0.763873994, -0.645006001, 0.0142599996, 1.17881405]
        - [0.468010008, 0.538706005, -0.700420022, -0.000643000007]
    - - - [0.146401003, -0.247298002, -0.957206011, -0.904848993]
        - [0.137523994, -0.95322001, 0.267289996, 1.39542997]
        - [-0.97913599, -0.170863003, -0.105589002, 2.35969901]
      - - [0.453723997, 0.562039018, 0.691371977, -0.102714002]
        - [0.766708016, -0.641546011, 0.0183840003, 1.17061698]
        - [0.453996003, 0.521794975, -0.722082019, 0.00787399989]
    - - - [-0.0543330014, -0.255988985, -0.964443982, -0.711000025]
        - [0.180184007, -0.952547014, 0.242651999, 1.31022799]
        - [-0.981485009, -0.160677001, 0.0979230031, 2.44250393]
      - - [0.461829007, 0.580944002, 0.670118988, -0.104860999]
        - [0.769904017, -0.637637973, 0.0221670009, 1.16217601]
        - [0.440236986, 0.505693972, -0.741756976, 0.0162829999]
    - - - [-0.256956011, -0.257250011, -0.930851996, -0.506973028]
        - [0.208326995, -0.955438972, 0.206498995, 1.22984803]
        - [-0.943144023, -0.140888005, 0.299284995, 2.50128889]
      - - [0.468365997, 0.598389983, 0.649890006, -0.107029997]
        - [0.773546994, -0.633098006, 0.0255110003, 1.15356696]
        - [0.426809013, 0.490815997, -0.759473026, 0.0244929995]
    - - - [-0.446734995, -0.248291001, -0.858785987, -0.299019992]
        - [0.219109997, -0.961188018, 0.163863003, 1.15751004]
        - [-0.866761982, -0.115080997, 0.484055012, 2.53318095]
      - - [0.47319901, 0.614493012, 0.631035984, -0.109219998]
        - [0.777648985, -0.627839983, 0.0282279998, 1.14486802]
        - [0.413646996, 0.477423996, -0.775045991, 0.032416001]
    - - - [-0.610791981, -0.229493007, -0.756874979, -0.0948119983]
        - [0.214043006, -0.968611002, 0.120931, 1.095222]
        - [-0.761399984, -0.0881619975, 0.641152978, 2.53932691]
      - - [0.476327986, 0.629270971, 0.613916993, -0.111432001]
        - [0.782444, -0.621797025, 0.0302649997, 1.13615501]
        - [0.400871009, 0.465995997, -0.788644016, 0.039960999]
    - - - [-0.741443992, -0.205018997, -0.637848973, 0.0989060029]
        - [0.198037997, -0.975951016, 0.0835430026, 1.04426801]
        - [-0.640067995, -0.0643979982, 0.764698982, 2.5235219]
      - - [0.477600008, 0.642759025, 0.598811984, -0.113664001]
        - [0.787908971, -0.614817977, 0.0314799994, 1.12750804]
        - [0.388458997, 0.456818998, -0.800149977, 0.0470400006]
    - - - [-0.83691901, -0.181496993, -0.515559971, 0.276827008]
        - [0.178159997, -0.98191601, 0.0562749989, 1.00519705]
        - [-0.516656995, -0.0448350012, 0.85443002, 2.49099708]
      - - [0.476942986, 0.654963017, 0.585999012, -0.115921997]
        - [0.794146001, -0.606764019, 0.0318140015, 1.11899102]
        - [0.376457989, 0.450204998, -0.809544981, 0.0535609983]
    - - - [-0.904996991, -0.161296993, -0.392100006, 0.442705989]
        - [0.159585997, -0.985894978, 0.0370679982, 0.977467]
        - [-0.392717004, -0.0290929992, 0.91841799, 2.44457197]
      - - [0.473628998, 0.665736973, 0.576381028, -0.118198]
        - [0.801405013, -0.59710598, 0.0311539993, 1.11026001]
        - [0.364995986, 0.447210014, -0.816425025, 0.0596019998]
    - - - [-0.953343987, -0.144233003, -0.26335901, 0.601755977]
        - [0.144003004, -0.98882401, 0.0200929996, 0.958047986]
        - [-0.263422996, -0.018708, 0.963895977, 2.3848331]
      - - [0.467375994, 0.675216019, 0.57041502, -0.120500997]
        - [0.809889019, -0.585609019, 0.0296180006, 1.10102105]
        - [0.354135007, 0.44818899, -0.820658028, 0.0652970001]
    - - - [-0.981827974, -0.131943002, -0.132015005, 0.751661003]
        - [0.132547006, -0.990638971, 0.00429699989, 0.944375992]
        - [-0.131329998, -0.0133199999, 0.990561008, 2.31095004]
      - - [0.458602995, 0.683544993, 0.567628026, -0.122826003]
        - [0.819315016, -0.57247299, 0.0274349991, 1.09147501]
        - [0.343791008, 0.452529013, -0.822658002, 0.0706449971]
    - - - [-0.991614997, -0.125216007, -0.00119600003, 0.890478015]
        - [0.125148997, -0.99150002, -0.011163, 0.934216022]
        - [0.000365000014, -0.0111880004, 0.999339998, 2.22444797]
      - - [0.447741985, 0.690837979, 0.567521989, -0.125170007]
        - [0.829397976, -0.557950974, 0.0248649996, 1.08182299]
        - [0.333891988, 0.459607005, -0.822866976, 0.0756449997]
    - - - [-0.983775973, -0.123549998, 0.126093999, 1.01626897]
        - [0.121114001, -0.99171102, -0.0262749996, 0.926141024]
        - [0.128573999, -0.0105900001, 0.991066992, 2.12612104]
      - - [0.435178995, 0.697171986, 0.569504976, -0.127527997]
        - [0.839735985, -0.542280018, 0.0221079998, 1.07226706]
        - [0.324313998, 0.468683004, -0.821552992, 0.0802979991]
    - - - [-0.96024102, -0.125772998, 0.246868998, 1.12733603]
        - [0.119248003, -0.991424978, -0.040835999, 0.919162989]
        - [0.250277996, -0.00974399969, 0.967499018, 2.018574]
      - - [0.421492994, 0.702664971, 0.573029995, -0.129896]
        - [0.850277007, -0.52580601, 0.0194060002, 1.06300604]
        - [0.315021008, 0.479108989, -0.819176018, 0.0846019983]
    - - - [-0.923906982, -0.129996002, 0.358597994, 1.22258902]
        - [0.118468001, -0.990926027, -0.0541409999, 0.912509978]
        - [0.362791002, -0.00739199994, 0.931239009, 1.90515494]
      - - [0.407074004, 0.707589984, 0.577548981, -0.132269993]
        - [0.860585988, -0.508912027, 0.0168549996, 1.05424297]
        - [0.305855989, 0.490170002, -0.816107988, 0.0885569975]
    - - - [-0.877520978, -0.134211004, 0.458952993, 1.30076301]
        - [0.117564999, -0.990303993, -0.0647979975, 0.906561017]
        - [0.463663995, -0.00290399999, 0.885227978, 1.78988004]
      - - [0.392437994, 0.711857975, 0.582226992, -0.134644002]
        - [0.870454013, -0.491777986, 0.0145690003, 1.04617798]
        - [0.296775997, 0.501142025, -0.812725008, 0.0921629965]
    - - - [-0.825738013, -0.136051998, 0.546500027, 1.36279905]
        - [0.115851, -0.99010998, -0.0715069994, 0.900867999]
        - [0.551376998, 0.00433300016, 0.833692014, 1.67836106]
      - - [0.378158987, 0.716005027, 0.586643994, -0.137015998]
        - [0.879796028, -0.474969, 0.0125540001, 1.03901303]
        - [0.28767699, 0.511456013, -0.809673011, 0.0954179987]
    - - - [-0.772427976, -0.133184001, 0.619976997, 1.409168]
        - [0.112893, -0.990486979, -0.0720790029, 0.896230996]
        - [0.624153972, 0.0143100005, 0.780395985, 1.57553399]
      - - [0.364749014, 0.720188022, 0.58998698, -0.139381006]
        - [0.888392985, -0.458714992, 0.0106969997, 1.03294802]
        - [0.278394997, 0.52027297, -0.807179987, 0.0983129963]
    - - - [-0.722168982, -0.122579001, 0.67998302, 1.44325197]
        - [0.108618997, -0.991593003, -0.0633620024, 0.894765019]
        - [0.682543993, 0.0281610005, 0.729656994, 1.48557901]
      - - [0.351437002, 0.724313974, 0.592988014, -0.141735002]
        - [0.896640003, -0.442469001, 0.00910199992, 1.02794003]
        - [0.269035012, 0.528553009, -0.805031002, 0.100727998]
    - - - [-0.676303983, -0.102939002, 0.728543997, 1.46816099]
        - [0.103670999, -0.993040025, -0.0441330001, 0.898419023]
        - [0.728657007, 0.0457529984, 0.682569981, 1.406829]
      - - [0.337197006, 0.728056014, 0.596695006, -0.144072995]
        - [0.904788017, -0.425478995, 0.00778800016, 1.02375698]
        - [0.259597003, 0.537337005, -0.802326977, 0.102580003]
    - - - [-0.635685027, -0.0753410012, 0.767533004, 1.48626995]
        - [0.098702997, -0.994422972, -0.0158859994, 0.906266987]
        - [0.765030026, 0.0656889975, 0.639778972, 1.33830094]
      - - [0.322342008, 0.731244981, 0.600953996, -0.146390006]
        - [0.912851989, -0.407961994, 0.00677900016, 1.02031398]
        - [0.250182003, 0.546442986, -0.799089015, 0.103959002]
    - - - [-0.600264013, -0.0412000008, 0.798021972, 1.49909902]
        - [0.0943420008, -0.994880974, 0.0195610002, 0.917047024]
        - [0.793770015, 0.0871059969, 0.601230025, 1.27874601]
      - - [0.307105988, 0.733915985, 0.605733991, -0.148683995]
        - [0.920632005, -0.390231997, 0.00606400007, 1.01752996]
        - [0.240860999, 0.555831015, -0.795560002, 0.104957998]
    - - - [-0.569594026, -0.00231699995, 0.821084976, 1.50736105]
        - [0.0911289975, -0.993360996, 0.0603340007, 0.930027008]
        - [0.816227973, 0.109258004, 0.566233993, 1.226215]
      - - [0.291718006, 0.735907018, 0.610799015, -0.15095]
        - [0.927869022, -0.372464001, 0.00558400014, 1.01532304]
        - [0.231671005, 0.565195024, -0.791594982, 0.105668999]
    - - - [-0.54310298, 0.0393689983, 0.838066995, 1.512398]
        - [0.089440003, -0.990058005, 0.104440004, 0.944168985]
        - [0.83435303, 0.131736994, 0.534358025, 1.17924201]
      - - [0.276547998, 0.737323999, 0.616137981, -0.153182]
        - [0.934731007, -0.355022997, 0.0053249998, 1.01361096]
        - [0.222726002, 0.574519992, -0.78747499, 0.106183998]
    - - - [-0.519635975, 0.0820550025, 0.849717975, 1.51461303]
        - [0.089507997, -0.984126985, 0.149647996, 0.958616972]
        - [0.849142015, 0.153900996, 0.504176974, 1.13566506]
      - - [0.261840999, 0.738200009, 0.621622026, -0.155377999]
        - [0.941002011, -0.338167995, 0.00519599998, 1.01231003]
        - [0.214065999, 0.583606005, -0.78321898, 0.106595002]
    - - - [-0.497864008, 0.123829998, 0.857650995, 1.51415801]
        - [0.0913939998, -0.976173997, 0.193999007, 0.972905993]
        - [0.861923993, 0.175073996, 0.474792004, 1.09338701]
      - - [0.247874007, 0.738373995, 0.626947999, -0.157533005]
        - [0.946533978, -0.322093993, 0.00510900002, 1.01133895]
        - [0.205770001, 0.592248976, -0.778850019, 0.106992997]
    - - - [-0.476233006, 0.163229004, 0.863326013, 1.51165199]
        - [0.0952019989, -0.966700017, 0.235213995, 0.986056983]
        - [0.873691976, 0.194354996, 0.444956005, 1.05039203]
      - - [0.235024005, 0.738187015, 0.632220984, -0.159641996]
        - [0.951556027, -0.307213992, 0.00497299992, 1.01061594]
        - [0.197926, 0.600467026, -0.774684012, 0.107470997]
    - - - [-0.452977002, 0.198507994, 0.868341029, 1.50659096]
        - [0.100886002, -0.956541002, 0.271232009, 0.997494996]
        - [0.88527, 0.210631996, 0.413399994, 1.0043]
      - - [0.223509997, 0.737477005, 0.637126982, -0.161700994]
        - [0.955762029, -0.293704987, 0.00467800023, 1.01004601]
        - [0.190623, 0.607981026, -0.770605981, 0.108111002]
    - - - [-0.431033999, 0.231113002, 0.871608019, 1.499192]
        - [0.107317999, -0.946137011, 0.303878993, 1.00814295]
        - [0.895374, 0.224610999, 0.383125991, 0.958302975]
      - - [0.213479996, 0.736470997, 0.641749978, -0.163707003]
        - [0.959406972, -0.281643003, 0.0040620002, 1.00995302]
        - [0.183770999, 0.614858985, -0.766735017, 0.108860999]
    - - - [-0.414047003, 0.262739003, 0.870784998, 1.48880696]
        - [0.113585003, -0.934382975, 0.335855991, 1.01929903]
        - [0.902610004, 0.238106996, 0.357120007, 0.916191995]
      - - [0.20465, 0.735098004, 0.646157026, -0.165654004]
        - [0.962499976, -0.270767987, 0.00318400003, 1.01057899]
        - [0.177340001, 0.621367991, -0.76305902, 0.109581999]
    - - - [-0.401270002, 0.293076009, 0.867161989, 1.47647905]
        - [0.120385997, -0.921864986, 0.367157996, 1.03034699]
