_sword_blur:
  Attack_Shield:
    end: 31
    frame_num: 60
    mtx:
    - - - [0.400184989, 0.813767016, -0.420533001, -0.925189018]
        - [0.164018005, -0.515155017, -0.84068799, 0.415033996]
        - [-0.901202977, 0.267639995, -0.339789987, -0.745257974]
      - - [-0.0429189987, -0.601966977, 0.797312975, 0.143418998]
        - [0.940101981, -0.294360012, -0.171634004, 0.727101028]
        - [0.338043988, 0.742242992, 0.578585982, 0.0551289991]
    - - - [0.397114992, 0.821570992, -0.408098012, -0.933857977]
        - [0.190389007, -0.508816004, -0.838859022, 0.410118014]
        - [-0.897319019, 0.255596995, -0.358653009, -0.739560008]
      - - [-0.054676, -0.594214022, 0.802308977, 0.133083999]
        - [0.929078996, -0.324402988, -0.176945001, 0.728350997]
        - [0.36549601, 0.735839009, 0.569890976, 0.068276003]
    - - - [0.393036991, 0.830067992, -0.394782007, -0.943771005]
        - [0.218808994, -0.501459002, -0.836561978, 0.405014992]
        - [-0.892581999, 0.242524996, -0.378870994, -0.73349601]
      - - [-0.0669699982, -0.585824013, 0.807586014, 0.121238999]
        - [0.916218996, -0.35641399, -0.182559997, 0.72973001]
        - [0.394834995, 0.727711022, 0.560621023, 0.0826169997]
    - - - [0.387704015, 0.838927984, -0.380638987, -0.954268992]
        - [0.248308003, -0.492886007, -0.833163977, 0.400474995]
        - [-0.887084007, 0.228719994, -0.399659008, -0.72674799]
      - - [-0.0794520006, -0.576524973, 0.813033998, 0.108236998]
        - [0.901449025, -0.389566004, -0.188157007, 0.73121202]
        - [0.425327003, 0.718065023, 0.550740004, 0.0978080034]
    - - - [0.381300002, 0.848339021, -0.366344988, -0.965646982]
        - [0.278250992, -0.483276993, -0.829537988, 0.395588994]
        - [-0.881141007, 0.214429006, -0.420520991, -0.719407976]
      - - [-0.0918050036, -0.566375971, 0.818866014, 0.0944340006]
        - [0.885022998, -0.423146993, -0.193450004, 0.732769012]
        - [0.456178993, 0.707027018, 0.540157974, 0.113505997]
    - - - [0.373374999, 0.85778898, -0.351846993, -0.977249026]
        - [0.307693005, -0.472481012, -0.825174987, 0.391079992]
        - [-0.87449801, 0.199976996, -0.440609008, -0.710703015]
      - - [-0.103749, -0.555305004, 0.825012028, 0.0801839978]
        - [0.867255986, -0.456463009, -0.198176995, 0.734373987]
        - [0.486746997, 0.694989026, 0.528989017, 0.129368007]
    - - - [0.364244998, 0.867483974, -0.337648988, -0.989169002]
        - [0.336133003, -0.460687011, -0.820903003, 0.386186004]
        - [-0.868066013, 0.185666993, -0.459600002, -0.701074004]
      - - [-0.115034997, -0.543343008, 0.831412971, 0.065843001]
        - [0.848501027, -0.488837987, -0.202072993, 0.736002028]
        - [0.516375005, 0.682312012, 0.517338991, 0.145052999]
    - - - [0.353810012, 0.877113998, -0.323776007, -1.00095606]
        - [0.362677991, -0.447831988, -0.816730022, 0.380975008]
        - [-0.861607015, 0.171605006, -0.476758987, -0.689877987]
      - - [-0.125479996, -0.530677021, 0.838114023, 0.0517649986]
        - [0.829267025, -0.519693971, -0.204895005, 0.737626016]
        - [0.544404984, 0.669353008, 0.505316019, 0.160216004]
    - - - [0.342135996, 0.886493027, -0.310409009, -1.01221001]
        - [0.386842012, -0.434002995, -0.813042998, 0.375294]
        - [-0.855769992, 0.158172995, -0.491625011, -0.677094996]
      - - [-0.134955004, -0.517374992, 0.844913006, 0.0383060016]
        - [0.810110986, -0.548475981, -0.20645, 0.739217997]
        - [0.570357978, 0.656690001, 0.493209004, 0.174516007]
    - - - [0.329353988, 0.895576, -0.297648996, -1.02276599]
        - [0.40801999, -0.419385999, -0.810356975, 0.368800014]
        - [-0.850930989, 0.145615995, -0.503812015, -0.662724972]
      - - [-0.143399, -0.503691018, 0.851786017, 0.0258200001]
        - [0.791707993, -0.574737012, -0.206575006, 0.740751982]
        - [0.593716979, 0.644824982, 0.481254011, 0.187608004]
    - - - [0.315773994, 0.904407024, -0.285584986, -1.03202498]
        - [0.425641, -0.404092014, -0.808988988, 0.361396015]
        - [-0.847446024, 0.134109005, -0.51276499, -0.646652997]
      - - [-0.150802001, -0.489836991, 0.858613014, 0.0146580003]
        - [0.774702013, -0.598033011, -0.205107003, 0.74218899]
        - [0.614009976, 0.634292006, 0.469700992, 0.199151993]
    - - - [0.30181101, 0.912847996, -0.273557007, -1.03945696]
        - [0.440378994, -0.388056993, -0.809017003, 0.353267014]
        - [-0.845009983, 0.123750001, -0.51937902, -0.629453003]
      - - [-0.157562003, -0.475903988, 0.865136027, 0.00443099998]
        - [0.758799016, -0.618925989, -0.202268004, 0.743588984]
        - [0.631860018, 0.624679029, 0.458696991, 0.209240004]
    - - - [0.287438989, 0.921038985, -0.261213005, -1.04559803]
        - [0.453397989, -0.371140987, -0.809819996, 0.345268995]
        - [-0.843191028, 0.114307001, -0.524578989, -0.611527026]
      - - [-0.164038002, -0.46192801, 0.871491015, -0.00545400009]
        - [0.743479013, -0.638440013, -0.198449999, 0.744988978]
        - [0.648204029, 0.615429997, 0.448197007, 0.218280002]
    - - - [0.272372991, 0.92898798, -0.248772994, -1.05057704]
        - [0.464684993, -0.353489012, -0.811178029, 0.337532997]
        - [-0.841910005, 0.105379999, -0.528317988, -0.592866004]
      - - [-0.170142993, -0.447843999, 0.877609015, -0.0149290003]
        - [0.728796005, -0.656495988, -0.193700999, 0.746379972]
        - [0.663084984, 0.606724024, 0.438145012, 0.226399004]
    - - - [0.256565005, 0.936740994, -0.236476004, -1.054672]
        - [0.474431992, -0.33534801, -0.813311994, 0.32979399]
        - [-0.84147799, 0.0965719968, -0.530755997, -0.573843002]
      - - [-0.175843, -0.433690012, 0.883614004, -0.0239269994]
        - [0.714973986, -0.673174977, -0.188106999, 0.747750998]
        - [0.676553011, 0.598735988, 0.428487986, 0.233724996]
    - - - [0.239897996, 0.944082022, -0.224533007, -1.05802798]
        - [0.482560992, -0.316749007, -0.815998971, 0.322153986]
        - [-0.841803014, 0.087563999, -0.531814992, -0.554313004]
      - - [-0.181073993, -0.419422001, 0.88944602, -0.0323799998]
        - [0.702062011, -0.688413978, -0.181698993, 0.749094009]
        - [0.688642025, 0.591616988, 0.419165999, 0.240388006]
    - - - [0.222314, 0.951012015, -0.213124007, -1.06084204]
        - [0.489012003, -0.297881007, -0.819220006, 0.314435005]
        - [-0.842878997, 0.0780899972, -0.531500995, -0.534421027]
      - - [-0.185782999, -0.40505901, 0.895111024, -0.0402199998]
        - [0.690123022, -0.702140987, -0.174465001, 0.75039798]
        - [0.699288011, 0.585395992, 0.410037011, 0.246515006]
    - - - [0.203747004, 0.957518995, -0.202359006, -1.06331003]
        - [0.493808001, -0.279044002, -0.823107004, 0.306470007]
        - [-0.844888985, 0.0679370016, -0.529904008, -0.51434499]
      - - [-0.189977005, -0.390567988, 0.900649011, -0.0473800004]
        - [0.679425001, -0.714473009, -0.166525006, 0.751654029]
        - [0.708669007, 0.580322027, 0.401118994, 0.252234012]
    - - - [0.184178993, 0.96351099, -0.192463994, -1.06572998]
        - [0.496708006, -0.260201991, -0.827307999, 0.298285007]
        - [-0.847541988, 0.0569109991, -0.526762009, -0.493645012]
      - - [-0.193566993, -0.375968009, 0.906028986, -0.0537919998]
        - [0.669853985, -0.72527498, -0.157828003, 0.752852976]
        - [0.716663003, 0.576443017, 0.392291009, 0.257674009]
    - - - [0.163592994, 0.969039977, -0.183560997, -1.06850505]
        - [0.497967005, -0.241724998, -0.832392991, 0.289198995]
        - [-0.851244986, 0.0448380001, -0.522239029, -0.472521991]
      - - [-0.196586996, -0.361279994, 0.911437988, -0.059390001]
        - [0.661747992, -0.734777987, -0.148515001, 0.753983974]
        - [0.723439991, 0.574007988, 0.383565009, 0.262962013]
    - - - [0.141840994, 0.97378999, -0.175680995, -1.07168996]
        - [0.497117996, -0.223609, -0.837809026, 0.279468]
        - [-0.855459988, 0.0315480009, -0.516085029, -0.450370997]
      - - [-0.198948994, -0.346444011, 0.91664499, -0.0641049966]
        - [0.655026972, -0.742667019, -0.138505995, 0.755038023]
        - [0.728857994, 0.572875977, 0.374686003, 0.268231988]
    - - - [0.118203998, 0.978102028, -0.168715, -1.07536602]
        - [0.493149996, -0.205304995, -0.844717026, 0.268981993]
        - [-0.861257017, 0.0166720003, -0.506911993, -0.426140994]
      - - [-0.200974002, -0.331705004, 0.921621978, -0.0677419975]
        - [0.649836004, -0.749053001, -0.127853006, 0.756030023]
        - [0.732887983, 0.573266983, 0.366131991, 0.273267001]
    - - - [0.092606999, 0.981881976, -0.162147999, -1.07876801]
        - [0.485413015, -0.186686993, -0.853474021, 0.258520007]
        - [-0.86876303, 0.00033000001, -0.494251013, -0.399919987]
      - - [-0.202966005, -0.317249, 0.92621702, -0.0702600032]
        - [0.646278977, -0.753916979, -0.116587996, 0.756982028]
        - [0.735478997, 0.575015008, 0.358103007, 0.277824014]
    - - - [0.0660130009, 0.985130012, -0.155911997, -1.08171105]
        - [0.474597007, -0.168401003, -0.863286018, 0.248342007]
        - [-0.877162993, -0.0169690009, -0.478953987, -0.372552991]
      - - [-0.204836994, -0.303018987, 0.930574, -0.0718280002]
        - [0.644250989, -0.757396996, -0.104795001, 0.757885993]
        - [0.736750007, 0.578144014, 0.350416005, 0.281967998]
    - - - [0.0393380001, 0.987522006, -0.149900004, -1.08385897]
        - [0.461452007, -0.151001006, -0.873631001, 0.238381997]
        - [-0.885760009, -0.034816999, -0.461932003, -0.344675004]
      - - [-0.206489995, -0.288899988, 0.934678018, -0.0726149976]
        - [0.643646002, -0.759499013, -0.0925429985, 0.758737028]
        - [0.736822009, 0.582572997, 0.342824996, 0.285768002]
    - - - [0.0132839996, 0.989071012, -0.144209996, -1.08531201]
        - [0.446790993, -0.134864002, -0.883830011, 0.228783995]
        - [-0.893959999, -0.0526599996, -0.443910003, -0.316720992]
      - - [-0.207819998, -0.274812013, 0.938670993, -0.0727899969]
        - [0.644362986, -0.760354996, -0.0799129978, 0.759530008]
        - [0.735813975, 0.588310003, 0.33513701, 0.289290011]
    - - - [-0.0114559997, 0.989758015, -0.138871998, -1.08600295]
        - [0.431396008, -0.120339997, -0.893521011, 0.219317004]
        - [-0.901511014, -0.0701920018, -0.425855994, -0.289341986]
      - - [-0.208716005, -0.260603011, 0.942467988, -0.0725200027]
        - [0.646301985, -0.759913027, -0.0669720024, 0.760258019]
        - [0.733844995, 0.595212996, 0.327073991, 0.292602003]
    - - - [-0.0345409997, 0.989953995, -0.134106994, -1.08641803]
        - [0.416171014, -0.107674003, -0.902272999, 0.209854007]
        - [-0.908097029, -0.0869240016, -0.408500999, -0.262858003]
      - - [-0.209056005, -0.246196002, 0.946278989, -0.0719759986]
        - [0.649367988, -0.758358002, -0.0538129993, 0.760917008]
        - [0.731034994, 0.603311002, 0.318452001, 0.295771003]
    - - - [-0.0555110015, 0.989668012, -0.130037993, -1.08655798]
        - [0.402020991, -0.0970209986, -0.909929991, 0.199968994]
        - [-0.913525999, -0.102725998, -0.39268899, -0.237498]
      - - [-0.208711997, -0.231441006, 0.950105011, -0.0713239983]
        - [0.653464973, -0.755711019, -0.0405139998, 0.761498988]
        - [0.727503002, 0.612492979, 0.309008986, 0.298864007]
    - - - [-0.0740910023, 0.988735974, -0.126910001, -1.08663499]
        - [0.389842987, -0.0883710012, -0.916055977, 0.18964]
        - [-0.917360008, -0.117348, -0.379096001, -0.213056996]
      - - [-0.207541004, -0.216184005, 0.953909993, -0.0707350001]
        - [0.658481002, -0.751953006, -0.0271550007, 0.762000024]
        - [0.723345995, 0.622587025, 0.298458993, 0.301946998]
    - - - [-0.0901999995, 0.987595022, -0.125029996, -1.087201]
        - [0.380585015, -0.0817459971, -0.920530021, 0.178398997]
        - [-0.91970098, -0.130649999, -0.368656993, -0.189991996]
      - - [-0.205383003, -0.200304002, 0.957840979, -0.0703760013]
        - [0.66425699, -0.747178972, -0.0137980003, 0.762413979]
        - [0.718608022, 0.633482993, 0.286540985, 0.305088997]
    - - - [-0.104341, 0.986392021, -0.124168001, -1.08750796]
        - [0.374554992, -0.0765819997, -0.92345798, 0.166889995]
        - [-0.920781016, -0.142836004, -0.361690015, -0.168420002]
      - - [-0.201986, -0.183375001, 0.961974978, -0.0701079965]
        - [0.671500027, -0.740841985, -0.000205000004, 0.762713015]
        - [0.712832987, 0.645958006, 0.272790015, 0.308275014]
    - - - [-0.117470004, 0.984928012, -0.124113999, -1.08679497]
        - [0.37115401, -0.0723460019, -0.925333023, 0.155686006]
        - [-0.920718014, -0.154767007, -0.357248008, -0.147257]
      - - [-0.197233006, -0.165206, 0.966225028, -0.0696810037]
        - [0.680568993, -0.7324, 0.0137010003, 0.762887001]
        - [0.705550015, 0.660385013, 0.256926, 0.311428994]
    - - - [-0.130098, 0.983147025, -0.125320002, -1.08573997]
        - [0.370122999, -0.0690340027, -0.925967991, 0.145568997]
        - [-0.919331014, -0.166940004, -0.35503, -0.126312003]
      - - [-0.191255003, -0.146062002, 0.970568001, -0.069091998]
        - [0.69106698, -0.722142994, 0.0275299996, 0.76295799]
        - [0.696922004, 0.675993979, 0.239051998, 0.314521998]
    - - - [-0.142710999, 0.980980992, -0.128151, -1.084831]
        - [0.371309996, -0.0668789968, -0.925590992, 0.136713997]
        - [-0.917005002, -0.179784, -0.35492, -0.105803996]
      - - [-0.184171006, -0.126099005, 0.974618971, -0.0683410019]
        - [0.702494979, -0.710314989, 0.0408420004, 0.762947977]
        - [0.687341988, 0.692290008, 0.219436005, 0.317526013]
    - - - [-0.155516997, 0.978525996, -0.133010998, -1.08486795]
        - [0.374489993, -0.0660490021, -0.924304008, 0.129375994]
        - [-0.913558006, -0.193561003, -0.356359005, -0.0854720026]
      - - [-0.176167995, -0.105655998, 0.978599012, -0.0674260035]
        - [0.714495003, -0.697440028, 0.0533449985, 0.762879014]
        - [0.676972985, 0.708656013, 0.198373005, 0.32041201]
    - - - [-0.168418005, 0.975350022, -0.139991, -1.08568394]
        - [0.379326999, -0.066877, -0.922357023, 0.123447001]
        - [-0.909292996, -0.208513007, -0.358879, -0.0652220026]
      - - [-0.167443007, -0.0849760026, 0.982096016, -0.0663459972]
        - [0.726622999, -0.683773994, 0.0647350028, 0.762772977]
        - [0.666181982, 0.724529982, 0.176256999, 0.323152006]
    - - - [-0.181336001, 0.971598029, -0.149388, -1.08815598]
        - [0.385143012, -0.0694599971, -0.919685006, 0.119021997]
        - [-0.904347003, -0.224401996, -0.361784011, -0.0447579995]
      - - [-0.158253998, -0.0644159988, 0.985153019, -0.0650999993]
        - [0.73853302, -0.669853985, 0.0748339966, 0.762652993]
        - [0.655272007, 0.739516973, 0.153602004, 0.325717986]
    - - - [-0.193993002, 0.967392981, -0.161084995, -1.09242404]
        - [0.391335011, -0.0741000026, -0.916768014, 0.115327999]
        - [-0.899100006, -0.240909994, -0.364356995, -0.0239349995]
      - - [-0.148890004, -0.0443859994, 0.987845004, -0.0636869967]
        - [0.749863029, -0.656175017, 0.0835649967, 0.762539983]
        - [0.644501984, 0.753197014, 0.130982995, 0.328081012]
    - - - [-0.205822006, 0.962559998, -0.174709007, -1.09816396]
        - [0.397080004, -0.0809350014, -0.913767993, 0.111915]
        - [-0.893954992, -0.257533014, -0.365660012, -0.00209400011]
      - - [-0.139682993, -0.0252819993, 0.989746988, -0.0621059984]
        - [0.760275006, -0.643065989, 0.0908600017, 0.762457013]
        - [0.634335995, 0.765282989, 0.109062001, 0.33021301]
    - - - [-0.216355994, 0.957217991, -0.189922005, -1.10550594]
        - [0.401250005, -0.0899790004, -0.910959005, 0.107876003]
        - [-0.889406025, -0.273395002, -0.36481899, 0.0211350005]
      - - [-0.130989, -0.00763300015, 0.991248012, -0.0603550002]
        - [0.769466996, -0.631088018, 0.0968329981, 0.762413979]
        - [0.624956012, 0.775470018, 0.088545002, 0.332084]
    - - - [-0.224497005, 0.951738, -0.207179993, -1.11393702]
        - [0.405304015, -0.102040999, -0.907970011, 0.102482997]
        - [-0.88569802, -0.288004011, -0.363047987, 0.0453939997]
      - - [-0.122357003, 0.00922400039, 0.99229902, -0.0583529994]
        - [0.777562022, -0.62034601, 0.101637997, 0.762413979]
        - [0.616683006, 0.78411901, 0.0687410012, 0.333774]
    - - - [-0.229620993, 0.945994973, -0.227013007, -1.12293899]
        - [0.410519004, -0.117146, -0.903662026, 0.0965770036]
        - [-0.881780982, -0.300808012, -0.361575007, 0.070667997]
      - - [-0.113185003, 0.0260450002, 0.993115008, -0.0560519993]
        - [0.784842014, -0.610436976, 0.105462, 0.762414992]
        - [0.609122992, 0.79144001, 0.0486549996, 0.335352004]
    - - - [-0.231928006, 0.940120995, -0.248318002, -1.13133502]
        - [0.41644901, -0.134589002, -0.898584008, 0.0902569965]
        - [-0.878445983, -0.312000006, -0.360514998, 0.0956280008]
      - - [-0.103689998, 0.0425750017, 0.99355799, -0.0535099991]
        - [0.791512012, -0.601206005, 0.108370997, 0.762414992]
        - [0.602114022, 0.797752976, 0.0286449995, 0.336782992]
    - - - [-0.231845006, 0.934083998, -0.270240009, -1.13864994]
        - [0.422634006, -0.153426006, -0.892822027, 0.0842460021]
        - [-0.87569201, -0.321357995, -0.359329998, 0.120342001]
      - - [-0.0940919966, 0.0585549995, 0.993713975, -0.0507830009]
        - [0.797841012, -0.592525005, 0.11045, 0.762416005]
        - [0.595417976, 0.803300023, 0.00903499965, 0.338034004]
    - - - [-0.229852006, 0.927864015, -0.291983008, -1.14443505]
        - [0.428108007, -0.172823995, -0.88637501, 0.0790679976]
        - [-0.873275995, -0.328929991, -0.357668012, 0.144509003]
      - - [-0.0845659971, 0.0737119988, 0.993552029, -0.0479269996]
        - [0.803813994, -0.584026992, 0.111749001, 0.762417972]
        - [0.588657022, 0.808176994, -0.00986300036, 0.339067012]
    - - - [-0.226861998, 0.921855986, -0.312858999, -1.14875305]
        - [0.432565004, -0.192352995, -0.880309999, 0.0740830004]
        - [-0.872017026, -0.335191995, -0.355372995, 0.167439997]
      - - [-0.0753310025, 0.0878110006, 0.993160009, -0.0449969992]
        - [0.809801996, -0.575612009, 0.112319, 0.762418985]
        - [0.581681013, 0.812807977, -0.0277510006, 0.339848012]
    - - - [-0.223585993, 0.915904999, -0.332403004, -1.15175402]
        - [0.43523699, -0.211136997, -0.874790013, 0.0696899965]
        - [-0.871690989, -0.340429008, -0.351568997, 0.189971]
      - - [-0.0665669963, 0.100606002, 0.99258101, -0.0420500003]
        - [0.815927982, -0.566981971, 0.112186, 0.762421012]
        - [0.574194014, 0.817448974, -0.0443499982, 0.340341985]
    - - - [-0.221214995, 0.909946978, -0.349985003, -1.15354705]
        - [0.435332, -0.228826001, -0.870185971, 0.0658549964]
        - [-0.872125983, -0.344951004, -0.34553501, 0.212332994]
      - - [-0.0584600009, 0.111860998, 0.991954982, -0.0391409993]
        - [0.822324991, -0.557816029, 0.111374997, 0.762422979]
        - [0.565840006, 0.822268009, -0.0593799986, 0.340514004]
    - - - [-0.220804006, 0.90388298, -0.365281999, -1.15461504]
        - [0.432206988, -0.244957, -0.867428005, 0.0619589984]
        - [-0.873874009, -0.349579006, -0.336686999, 0.234938994]
      - - [-0.0511960015, 0.121325999, 0.991141021, -0.0363279991]
        - [0.829226971, -0.547801971, 0.109885, 0.762425005]
        - [0.556447029, 0.827630997, -0.0725720003, 0.340328008]
    - - - [-0.223589003, 0.898003995, -0.378084004, -1.15589404]
        - [0.425099999, -0.259023994, -0.866724014, 0.0581739992]
        - [-0.876546025, -0.354707986, -0.323891997, 0.258819997]
      - - [-0.0449599996, 0.128787994, 0.990585029, -0.0336689986]
        - [0.836723983, -0.53668201, 0.107758, 0.762426972]
        - [0.545580029, 0.833766997, -0.0836390033, 0.339742005]
    - - - [-0.229524001, 0.892261028, -0.387977988, -1.15687895]
        - [0.413226008, -0.271524012, -0.868821025, 0.0532840006]
        - [-0.880711973, -0.359941006, -0.306513011, 0.284711987]
      - - [-0.0398430005, 0.133752003, 0.990116, -0.0310789999]
        - [0.844851971, -0.524502993, 0.104847997, 0.762430012]
        - [0.533445001, 0.840717018, -0.092106998, 0.338721007]
    - - - [-0.237516001, 0.88686502, -0.395195007, -1.15724301]
        - [0.396537006, -0.282718003, -0.872780979, 0.0473430008]
        - [-0.886102974, -0.364216, -0.284635991, 0.312794]
      - - [-0.035707999, 0.136163995, 0.989912987, -0.0284599997]
        - [0.853142023, -0.511502981, 0.101132996, 0.762431979]
        - [0.520247996, 0.848254025, -0.0979140028, 0.337267011]
    - - - [-0.247483999, 0.882041991, -0.400041014, -1.157125]
        - [0.375975996, -0.292925, -0.878641009, 0.0400290005]
        - [-0.892486989, -0.368041009, -0.25918299, 0.342563003]
      - - [-0.0324320011, 0.136453003, 0.989992023, -0.0258329995]
        - [0.861705005, -0.497767001, 0.0968400016, 0.762435019]
        - [0.506123006, 0.856350005, -0.101452999, 0.33543399]
    - - - [-0.259196997, 0.877421021, -0.402538002, -1.15617895]
        - [0.352129012, -0.302150995, -0.885291994, 0.0324340016]
        - [-0.898772001, -0.371461004, -0.230749995, 0.374017]
      - - [-0.0298839994, 0.135037005, 0.990275025, -0.0232180003]
        - [0.870474994, -0.483289003, 0.0921709985, 0.762437999]
        - [0.491147995, 0.864889026, -0.103118002, 0.333272994]
    - - - [-0.272444993, 0.87312901, -0.403196007, -1.15475094]
        - [0.325940996, -0.310411006, -0.892448008, 0.0245060008]
        - [-0.904709995, -0.374796987, -0.200138003, 0.406574994]
      - - [-0.0279229991, 0.132337004, 0.990698993, -0.0206380002]
        - [0.879257977, -0.468023986, 0.087301001, 0.762440979]
        - [0.475329995, 0.873627007, -0.103303, 0.330835015]
    - - - [-0.286933005, 0.868965983, -0.402184993, -1.15263903]
        - [0.298254013, -0.31784001, -0.899488986, 0.0167280007]
        - [-0.909762979, -0.378262013, -0.168130994, 0.439799011]
      - - [-0.0264110006, 0.128788993, 0.991207004, -0.0181140006]
        - [0.888029993, -0.452039003, 0.082396999, 0.762443006]
        - [0.458779007, 0.882486999, -0.10244, 0.328171998]
    - - - [-0.302304, 0.864762008, -0.399834007, -1.14975595]
        - [0.270007998, -0.324501991, -0.905992985, 0.00950499997]
        - [-0.91355902, -0.382057995, -0.135493994, 0.473479986]
      - - [-0.0252010003, 0.124831997, 0.991747022, -0.0156660005]
        - [0.896750987, -0.435402989, 0.0775929987, 0.762445986]
        - [0.441592008, 0.891372025, -0.100978002, 0.325336993]
    - - - [-0.318304986, 0.860512972, -0.396580994, -1.14629495]
        - [0.242072999, -0.330556005, -0.91167599, 0.00289099989]
        - [-0.915919006, -0.386400998, -0.103141002, 0.506960988]
      - - [-0.0241439994, 0.120920002, 0.99226898, -0.0133159999]
        - [0.905344009, -0.418170989, 0.0729869977, 0.762449026]
        - [0.42384699, 0.900150001, -0.0993829966, 0.322380006]
    - - - [-0.334672004, 0.856141984, -0.392839998, -1.142344]
        - [0.215391994, -0.336237013, -0.916396976, -0.00320699997]
        - [-0.916858017, -0.391496003, -0.0719669983, 0.539628029]
      - - [-0.0230790004, 0.117513999, 0.992722988, -0.0110839996]
        - [0.913734972, -0.400408, 0.0686390027, 0.762452006]
        - [0.405624986, 0.908685029, -0.0981369987, 0.319355011]
    start: 25
  Attack_Sword:
    end: 34
    frame_num: 80
    mtx:
    - - - [0.485992998, 0.0242350008, 0.873135984, 0.498852015]
        - [-0.0376430005, 0.998775005, -0.0066920002, 1.03332102]
        - [-0.872496009, -0.0296439994, 0.486580998, 1.828161]
      - - [-0.143952996, -0.299760997, 0.943058014, -0.076700002]
        - [0.986274004, -0.120359004, 0.112309001, 0.691609979]
        - [0.079843998, 0.946330011, 0.312988013, -0.0974199995]
    - - - [0.612706006, 0.0366480015, 0.789106011, 0.26503101]
        - [-0.00176799996, 0.99861002, -0.0448860005, 0.954984009]
        - [-0.789822996, 0.0260439999, 0.612163007, 1.97075498]
      - - [-0.149725005, -0.322097003, 0.934741974, -0.0846479982]
        - [0.985231996, -0.126831993, 0.114127003, 0.688311994]
        - [0.0818030015, 0.938095987, 0.336355001, -0.0964410007]
    - - - [0.738991976, 0.0359040014, 0.671993971, -0.0182039998]
        - [0.030816, 0.995223999, -0.0870189965, 0.876816988]
        - [-0.672191024, 0.0850460008, 0.734763026, 2.09915209]
      - - [-0.155368999, -0.341827005, 0.926733017, -0.0912280008]
        - [0.984140992, -0.133255005, 0.115860999, 0.685104012]
        - [0.0839029998, 0.930168986, 0.357160002, -0.0954189971]
    - - - [0.845996022, 0.0237130001, 0.531844974, -0.327820987]
        - [0.0488509983, 0.990927994, -0.121835999, 0.821386993]
        - [-0.530138016, 0.129097, 0.837457001, 2.19044995]
      - - [-0.160879999, -0.359355003, 0.919089973, -0.0966480002]
        - [0.983063996, -0.139579996, 0.117510997, 0.682002008]
        - [0.0860809982, 0.922562003, 0.375779003, -0.0943690017]
    - - - [0.92196703, 0.0069149998, 0.386040986, -0.631021023]
        - [0.0508540012, 0.988593996, -0.139084995, 0.805719018]
        - [-0.382705986, 0.147914007, 0.911364973, 2.23686004]
      - - [-0.166244999, -0.375081986, 0.911834002, -0.101115003]
        - [0.982008994, -0.145769998, 0.119075999, 0.679023981]
        - [0.0882750005, 0.915301979, 0.392601013, -0.0933049992]
    - - - [0.966857016, -0.0079420004, 0.253607005, -0.895762026]
        - [0.0433770008, 0.989592016, -0.134636998, 0.833580971]
        - [-0.249972999, 0.141211003, 0.957421005, 2.245754]
      - - [-0.171446994, -0.389385015, 0.904909015, -0.104837999]
        - [0.980955005, -0.151786, 0.120548002, 0.676183999]
        - [0.0904240012, 0.908367991, 0.408003986, -0.0922430009]
    - - - [0.988379002, -0.0185320005, 0.147464007, -1.10284698]
        - [0.0353710018, 0.992549002, -0.112278998, 0.894017994]
        - [-0.144401997, 0.116246998, 0.982155979, 2.23095798]
      - - [-0.176461995, -0.402577013, 0.898108006, -0.108024999]
        - [0.979842007, -0.157573998, 0.121894002, 0.673500001]
        - [0.0924649984, 0.901619017, 0.422316015, -0.091196999]
    - - - [0.996680975, -0.0268089995, 0.070596002, -1.25117397]
        - [0.0325970016, 0.995670974, -0.0815370008, 0.96728301]
        - [-0.0680449978, 0.0836049989, 0.993677974, 2.20531702]
      - - [-0.181293994, -0.415039003, 0.891390979, -0.110881999]
        - [0.978779018, -0.163117006, 0.123104997, 0.670988023]
        - [0.0943360031, 0.894927025, 0.435869008, -0.0901819989]
    - - - [0.998794973, -0.0350780003, 0.0159740001, -1.35629702]
        - [0.0358650014, 0.997489989, -0.0530229993, 1.033337]
        - [-0.0140819997, 0.053599, 0.997992992, 2.17579889]
      - - [-0.185931996, -0.427177995, 0.884745002, -0.113619]
        - [0.977771997, -0.168411002, 0.124169998, 0.668663979]
        - [0.0959749967, 0.888285995, 0.449056, -0.0892139971]
    - - - [0.998108983, -0.0427520014, -0.0290709995, -1.44261301]
        - [0.0416859984, 0.997942984, -0.0353479981, 1.077052]
        - [0.0305780005, 0.0341689996, 0.998386979, 2.14269495]
      - - [-0.190363005, -0.439251006, 0.877844989, -0.116443001]
        - [0.976828992, -0.173402995, 0.125037, 0.66654402]
        - [0.0973189995, 0.881377995, 0.462119013, -0.0883079991]
    - - - [0.995335996, -0.0463679992, -0.0799309984, -1.53849602]
        - [0.0437510014, 0.998154998, -0.0339989997, 1.08975995]
        - [0.0814160034, 0.0304080006, 0.995765984, 2.101964]
      - - [-0.194572002, -0.451644987, 0.870647013, -0.119562]
        - [0.975939989, -0.178104997, 0.125686005, 0.664645016]
        - [0.0983140022, 0.874162972, 0.475437999, -0.0874769986]
    - - - [0.987159014, -0.0425739996, -0.151335001, -1.66863799]
        - [0.0354360007, 0.997696996, -0.0495719984, 1.072595]
        - [0.153262004, 0.0435919985, 0.98676002, 2.04296899]
      - - [-0.198541, -0.46401599, 0.863211989, -0.122739002]
        - [0.975027025, -0.182444006, 0.126181006, 0.662995994]
        - [0.098950997, 0.866786003, 0.488694996, -0.0867030025]
    - - - [0.967908978, -0.0318420008, -0.247217, -1.83761001]
        - [0.0134049999, 0.996604025, -0.0756509975, 1.03919101]
        - [0.248809993, 0.0700000003, 0.965569019, 1.95530701]
      - - [-0.202303007, -0.475845009, 0.855782986, -0.125627995]
        - [0.97419101, -0.186409995, 0.126616001, 0.661597013]
        - [0.0993049964, 0.859426975, 0.501343012, -0.0859590024]
    - - - [0.930468976, -0.0177270006, -0.364522994, -2.03841591]
        - [-0.0216719992, 0.993920982, -0.103455, 1.00526404]
        - [0.364322007, 0.104255997, 0.924961984, 1.82756102]
      - - [-0.205867007, -0.487255007, 0.848528028, -0.128271997]
        - [0.973424971, -0.190069005, 0.127021, 0.660418987]
        - [0.0994080007, 0.852256, 0.513512015, -0.0852489993]
    - - - [0.867370009, -0.00492999982, -0.496560991, -2.25707102]
        - [-0.0657429993, 0.989508986, -0.124481998, 0.985135019]
        - [0.492284, 0.140751004, 0.858412981, 1.65061295]
      - - [-0.209242001, -0.498183995, 0.841283977, -0.130711004]
        - [0.97272402, -0.193414003, 0.127372995, 0.659433007]
        - [0.099289, 0.845107019, 0.525138974, -0.0845789984]
    - - - [0.773998976, 0.00285600009, -0.632422984, -2.47359991]
        - [-0.112107001, 0.984309971, -0.132669002, 0.987948]
        - [0.622316003, 0.173785001, 0.76257199, 1.42230105]
      - - [-0.212435007, -0.508736014, 0.834182978, -0.132986993]
        - [0.972082973, -0.196505994, 0.127693996, 0.658611]
        - [0.0989800021, 0.838111997, 0.536336005, -0.083953999]
    - - - [0.651165009, 0.00428299978, -0.758460999, -2.66436505]
        - [-0.153189003, 0.979803026, -0.125888005, 1.01576805]
        - [0.742797017, 0.198342994, 0.638852, 1.149014]
      - - [-0.215455994, -0.51888901, 0.827138007, -0.135142997]
        - [0.971495986, -0.199356005, 0.127968997, 0.657922983]
        - [0.098511003, 0.831182003, 0.54708302, -0.0833790004]
    - - - [0.505879998, 0.000819000008, -0.862203002, -2.81005001]
        - [-0.182630002, 0.977025986, -0.106174, 1.06371605]
        - [0.842568994, 0.211298004, 0.494529992, 0.847352982]
      - - [-0.218310997, -0.528693974, 0.820192993, -0.137219995]
        - [0.970950007, -0.202004001, 0.128199995, 0.657342017]
        - [0.0979140028, 0.824359, 0.557439029, -0.0828580037]
    - - - [0.351002991, -0.00409199996, -0.935934007, -2.90138006]
        - [-0.197696, 0.976700008, -0.0783789977, 1.12311995]
        - [0.91474402, 0.212619007, 0.342088014, 0.541550994]
      - - [-0.220992997, -0.538128018, 0.813264012, -0.139259994]
        - [0.970375001, -0.204459995, 0.128370002, 0.656838]
        - [0.0972189978, 0.817592978, 0.567407012, -0.082396999]
    - - - [0.202115998, -0.00655400008, -0.978951991, -2.94197798]
        - [-0.200111002, 0.978258014, -0.0478649996, 1.18576896]
        - [0.958308995, 0.205580994, 0.196421996, 0.257847011]
      - - [-0.223527998, -0.547266006, 0.806433976, -0.141303003]
        - [0.96983999, -0.206774995, 0.128481999, 0.656382978]
        - [0.0964569971, 0.810917974, 0.577041984, -0.0820010006]
    - - - [0.0741619989, -0.004036, -0.996761978, -2.94581008]
        - [-0.195171997, 0.980193019, -0.0185039993, 1.24693298]
        - [0.977504015, 0.195921004, 0.0717940032, 0.0196070001]
      - - [-0.225942999, -0.556101978, 0.799647987, -0.143392995]
        - [0.969338, -0.208975002, 0.128538996, 0.655946016]
        - [0.0956510007, 0.804279029, 0.586345017, -0.0816750005]
    - - - [-0.0325109996, -0.000899999985, -0.998999, -2.92904997]
        - [-0.184426993, 0.982343018, 0.00510000018, 1.29897404]
        - [0.981769025, 0.184432998, -0.0321950018, -0.177390993]
      - - [-0.228152007, -0.564788997, 0.792935014, -0.145482004]
        - [0.968882024, -0.211089998, 0.128424004, 0.655593991]
        - [0.0948690027, 0.797677994, 0.595462978, -0.0814400017]
    - - - [-0.126810998, -0.001544, -0.991360009, -2.89829803]
        - [-0.166697994, 0.98526901, 0.0198229998, 1.335446]
        - [0.977182984, 0.167848006, -0.125328004, -0.352692008]
      - - [-0.230136007, -0.573294997, 0.786179006, -0.147499993]
        - [0.968479991, -0.213073, 0.128105998, 0.655389011]
        - [0.0940990001, 0.790998995, 0.604350984, -0.0813039988]
    - - - [-0.210212007, -0.00529999984, -0.977156997, -2.85895109]
        - [-0.145236, 0.988506019, 0.0258709993, 1.35702705]
        - [0.966261029, 0.147425994, -0.208766997, -0.509163022]
      - - [-0.231923997, -0.581647992, 0.779569983, -0.149455994]
        - [0.968125999, -0.214919001, 0.127689004, 0.655306995]
        - [0.0932900012, 0.784452021, 0.613044024, -0.0812480003]
    - - - [-0.28443101, -0.0116680004, -0.958028972, -2.813164]
        - [-0.122617997, 0.991571009, 0.0243079998, 1.36585402]
        - [0.950100005, 0.124376997, -0.283780009, -0.649287999]
      - - [-0.233545005, -0.589645028, 0.772975028, -0.151357993]
        - [0.967821002, -0.216538996, 0.127221003, 0.655319989]
        - [0.0923900008, 0.777921021, 0.621327996, -0.0812570006]
    - - - [-0.351579994, -0.0200079996, -0.935438991, -2.76317501]
        - [-0.100791, 0.994342983, 0.01657, 1.36440396]
        - [0.930171013, 0.100115001, -0.351756006, -0.775842011]
      - - [-0.235026002, -0.597361982, 0.766633987, -0.153213993]
        - [0.96756202, -0.217947006, 0.126815006, 0.655402005]
        - [0.0913479999, 0.77166599, 0.629285991, -0.0813120008]
    - - - [-0.413037002, -0.0295519996, -0.909646988, -2.70897198]
        - [-0.0812290013, 0.996146977, 0.00449200021, 1.35584295]
        - [0.906391978, 0.0757429972, -0.414204001, -0.891514003]
      - - [-0.236396998, -0.604631007, 0.760468006, -0.155033007]
        - [0.967344999, -0.219071999, 0.126532003, 0.655529022]
        - [0.0901120007, 0.765628994, 0.636744022, -0.0813959986]
    - - - [-0.470665991, -0.0394079983, -0.880917013, -2.65082788]
        - [-0.0649129972, 0.997358024, -0.00994099956, 1.34342504]
        - [0.879270017, 0.0525129996, -0.472391009, -0.998697996]
      - - [-0.237685993, -0.611441016, 0.754595995, -0.156822994]
        - [0.96717, -0.219898999, 0.126462996, 0.655672014]
        - [0.0886299983, 0.759949982, 0.643692017, -0.0814919993]
    - - - [-0.525699019, -0.0484840013, -0.848726988, -2.58778191]
        - [-0.0523810014, 0.997839987, -0.0246329997, 1.33062994]
        - [0.848414004, 0.0315029994, -0.527446985, -1.09926605]
      - - [-0.238922998, -0.617766976, 0.749123991, -0.158592001]
        - [0.967033982, -0.220411003, 0.126700997, 0.655807018]
        - [0.0868510008, 0.75475198, 0.650107026, -0.0815820023]
    - - - [-0.579168975, -0.0557149984, -0.812732995, -2.51908112]
        - [-0.0436290018, 0.997922003, -0.0373630002, 1.32113302]
        - [0.813422024, 0.0138020003, -0.580676019, -1.19555295]
      - - [-0.240134999, -0.623436987, 0.743972003, -0.160347998]
        - [0.966934979, -0.220539004, 0.127303004, 0.655906975]
        - [0.0847230032, 0.749976993, 0.655811012, -0.081648998]
    - - - [-0.631758988, -0.0598869994, -0.772216022, -2.44362402]
        - [-0.0382819995, 0.997830987, -0.0461249985, 1.31816697]
        - [0.773534, 0.000409, -0.632965982, -1.28906095]
      - - [-0.241352007, -0.628486991, 0.73931402, -0.162100002]
        - [0.966868997, -0.220284998, 0.128371, 0.655946016]
        - [0.0821940005, 0.745817006, 0.660844028, -0.0816750005]
    - - - [-0.683529973, -0.0637030005, -0.72657001, -2.36159801]
        - [-0.036931999, 0.997623026, -0.0527869985, 1.31884801]
        - [0.728424013, -0.00927999988, -0.684448004, -1.37923598]
      - - [-0.242601007, -0.632942021, 0.735127985, -0.163844004]
        - [0.966818988, -0.219696999, 0.129905, 0.655946016]
        - [0.0792919993, 0.742258012, 0.66524601, -0.0816750005]
    - - - [-0.732674003, -0.070543997, -0.676402986, -2.27509189]
        - [-0.0402599983, 0.997043014, -0.0604100004, 1.31799603]
        - [0.678866029, -0.0171060003, -0.733609974, -1.46349096]
      - - [-0.243863001, -0.636880994, 0.731339991, -0.165571004]
        - [0.96677202, -0.218823999, 0.131818995, 0.655946016]
        - [0.0760850012, 0.739211977, 0.66910702, -0.0816750005]
    - - - [-0.778006017, -0.0798420012, -0.622537017, -2.18481112]
        - [-0.0474920012, 0.996176004, -0.0684550032, 1.31609595]
        - [0.625784993, -0.0237969998, -0.779201984, -1.54073203]
      - - [-0.245103002, -0.640287995, 0.727889001, -0.167276993]
        - [0.966732025, -0.217637002, 0.134067997, 0.655946016]
        - [0.0725829974, 0.736580014, 0.672371984, -0.0816750005]
    - - - [-0.818728983, -0.0909840018, -0.566209972, -2.09216499]
        - [-0.0577570014, 0.995041013, -0.0764210001, 1.31356394]
        - [0.570524991, -0.0298740007, -0.820262015, -1.61027205]
      - - [-0.246274993, -0.643244982, 0.724830985, -0.168960005]
        - [0.966664016, -0.216135994, 0.136626005, 0.655946016]
        - [0.0687920004, 0.734376013, 0.675086975, -0.0816750005]
    - - - [-0.853995979, -0.103274003, -0.508943975, -1.99887204]
        - [-0.0702489987, 0.993568003, -0.0837780014, 1.31108403]
        - [0.514497995, -0.0358580016, -0.856187999, -1.671826]
      - - [-0.247362003, -0.645787001, 0.722168982, -0.170617998]
        - [0.966636002, -0.214311004, 0.139452994, 0.655946016]
        - [0.0647270009, 0.732641995, 0.677321017, -0.0816750005]
    - - - [-0.883629024, -0.116034001, -0.452524006, -1.90691996]
        - [-0.0840110034, 0.991945982, -0.0903310031, 1.30879295]
        - [0.459509999, -0.0418870002, -0.886680007, -1.72533906]
      - - [-0.248328, -0.64793998, 0.719892979, -0.172248006]
        - [0.966656029, -0.212144002, 0.142508999, 0.655946016]
        - [0.0603989996, 0.731359005, 0.67909199, -0.0816750005]
    - - - [-0.907549977, -0.128575996, -0.398784995, -1.81833899]
        - [-0.0980919972, 0.990212023, -0.095960997, 1.30682802]
        - [0.407366008, -0.0480160005, -0.911579013, -1.77081895]
      - - [-0.249139994, -0.649725974, 0.717996001, -0.173847005]
        - [0.966732979, -0.209617004, 0.145754993, 0.655946016]
        - [0.0558179989, 0.730512023, 0.680418015, -0.0816750005]
    - - - [-0.925835013, -0.140177995, -0.349745989, -1.73545802]
        - [-0.111575998, 0.988345027, -0.100639999, 1.30529296]
        - [0.359872013, -0.0542469993, -0.931095004, -1.80877101]
      - - [-0.249762997, -0.651171029, 0.716470003, -0.175412998]
        - [0.966875017, -0.206710994, 0.149149001, 0.655946016]
        - [0.0509949997, 0.730081975, 0.681316018, -0.0816750005]
    - - - [-0.939179003, -0.150177002, -0.307330012, -1.66035903]
        - [-0.123475999, 0.986425996, -0.104553998, 1.30394006]
        - [0.319009006, -0.0603029989, -0.945442975, -1.83936799]
      - - [-0.250144005, -0.652297974, 0.715309978, -0.176943004]
        - [0.967016995, -0.203406006, 0.152652994, 0.655946016]
        - [0.0459350012, 0.729996026, 0.681752026, -0.0816750005]
    - - - [-0.948409975, -0.157620996, -0.273564994, -1.59545195]
        - [-0.132641003, 0.984857976, -0.107681997, 1.30306697]
        - [0.286549002, -0.0659170002, -0.955376029, -1.86388004]
      - - [-0.250254005, -0.653146982, 0.71449101, -0.178441003]
        - [0.967189014, -0.199686006, 0.156219006, 0.655946016]
        - [0.040651001, 0.73023802, 0.681778014, -0.0816750005]
    - - - [-0.953516006, -0.164039999, -0.250633001, -1.54350603]
        - [-0.140374005, 0.983507991, -0.109851003, 1.30320406]
        - [0.264685988, -0.0696209967, -0.961304009, -1.88267004]
      - - [-0.250039011, -0.653479993, 0.714260995, -0.179918006]
        - [0.967468023, -0.195200995, 0.160087004, 0.655946016]
        - [0.0348200016, 0.731145978, 0.681115985, -0.0816750005]
    - - - [-0.955613971, -0.17069, -0.238287002, -1.50444496]
        - [-0.147873998, 0.982405007, -0.110859998, 1.30496895]
        - [0.253134012, -0.0707610026, -0.964471996, -1.89720595]
      - - [-0.249494001, -0.65317601, 0.714735985, -0.181394994]
