_sword_blur:
  Attack_Center:
    end: 31
    frame_num: 30
    mtx:
    - - - [-0.173279002, -0.980994999, 0.0798669979, -0.481191009]
        - [0.984016001, -0.173287004, 0.00520400004, 1.86264706]
        - [0.0087580001, 0.0796430036, 0.996019006, 2.35187888]
      - - [0.126508996, 0.205358997, 0.970369995, 0.0938239992]
        - [0.958312988, -0.277415007, -0.0662389994, 1.78674603]
        - [0.255643994, 0.938426018, -0.231924996, 0.431145996]
    - - - [-0.203131005, -0.977248013, 0.0497619994, -0.453929007]
        - [0.978096008, -0.203973994, -0.0145180002, 1.79490399]
        - [0.0243420005, 0.0458520018, 0.99792701, 2.47391796]
      - - [0.122461997, 0.237788007, 0.963473976, 0.0863149986]
        - [0.959170997, -0.277287006, -0.0534889996, 1.79150605]
        - [0.254485011, 0.930768013, -0.262059003, 0.466645986]
    - - - [-0.239713997, -0.969853997, 0.0278379992, -0.409099996]
        - [0.969622016, -0.240332007, -0.0252749994, 1.726349]
        - [0.0312599987, 0.0210330002, 0.99852401, 2.63089204]
      - - [0.118419997, 0.269897014, 0.95550102, 0.0787020028]
        - [0.960012019, -0.276679993, -0.0408269987, 1.79643798]
        - [0.253387004, 0.922127008, -0.291868001, 0.501565993]
    - - - [-0.277144998, -0.960097015, 0.0186519995, -0.346560001]
        - [0.959729016, -0.277455986, -0.0239720009, 1.67102695]
        - [0.0282910001, 0.0113540003, 0.998853028, 2.8269701]
      - - [0.114395998, 0.301308006, 0.946539998, 0.0710429996]
        - [0.960730016, -0.27560401, -0.0283860005, 1.801476]
        - [0.252364993, 0.912693977, -0.321031004, 0.53569603]
    - - - [-0.306176007, -0.95105201, 0.0242379997, -0.274789989]
        - [0.951007009, -0.306405991, -0.0103409998, 1.64079595]
        - [0.0173390005, 0.0200469997, 0.998914003, 3.05766797]
      - - [0.110431001, 0.331685007, 0.936819017, 0.0633969977]
        - [0.961416006, -0.274116993, -0.0162920002, 1.80655205]
        - [0.251433998, 0.90259397, -0.349206001, 0.56882298]
    - - - [-0.317250997, -0.946730018, 0.0428749993, -0.208673]
        - [0.947558999, -0.316960007, 0.0123239998, 1.63991296]
        - [0.00204799999, 0.0446779989, 0.998332977, 3.30934]
      - - [0.106549002, 0.360662013, 0.926446974, 0.0558210015]
        - [0.962064981, -0.272249997, -0.00466299988, 1.81159997]
        - [0.250609994, 0.891933978, -0.376044989, 0.600740016]
    - - - [-0.303665012, -0.949573994, 0.0690840036, -0.165383995]
        - [0.951825976, -0.301672995, 0.0370699987, 1.66280794]
        - [-0.014223, 0.0771929994, 0.996127009, 3.562572]
      - - [0.102778003, 0.387959987, 0.915775001, 0.0483740009]
        - [0.962670028, -0.270108014, 0.00638899999, 1.81655204]
        - [0.249907002, 0.881049991, -0.401291996, 0.631235003]
    - - - [-0.264465988, -0.959040999, 0.0954030007, -0.157361001]
        - [0.963232994, -0.260057002, 0.0560830012, 1.69650602]
        - [-0.0288440008, 0.106873997, 0.993124008, 3.80002999]
      - - [0.0991450027, 0.413278997, 0.90505898, 0.0411150008]
        - [0.96322298, -0.267776996, 0.0167619996, 1.82134199]
        - [0.249340996, 0.870189011, -0.424665987, 0.66009903]
    - - - [-0.205991998, -0.971231997, 0.114660002, -0.186977997]
        - [0.977146029, -0.199564993, 0.0644219965, 1.72847104]
        - [-0.0397050008, 0.125529006, 0.990547001, 4.00901079]
      - - [0.0956759974, 0.436340004, 0.894586027, 0.0341020003]
        - [0.963716984, -0.265354991, 0.026362, 1.82590306]
        - [0.248926997, 0.859622002, -0.445905, 0.687120974]
    - - - [-0.141528994, -0.981594026, 0.123287998, -0.241965994]
        - [0.988255024, -0.134503007, 0.0630490035, 1.75276601]
        - [-0.0452120006, 0.130922005, 0.989615023, 4.18377495]
      - - [0.0923919976, 0.456856996, 0.884616017, 0.0273930002]
        - [0.964084029, -0.262932003, 0.0351019986, 1.83016801]
        - [0.248680994, 0.849649012, -0.464767992, 0.712090015]
    - - - [-0.0892530009, -0.987690985, 0.123056002, -0.295080006]
        - [0.994231999, -0.0826649964, 0.0571600012, 1.76816905]
        - [-0.0462419987, 0.127626002, 0.989998996, 4.32417107]
      - - [0.0893199965, 0.474617004, 0.875536025, 0.0210469998]
        - [0.964365005, -0.260643989, 0.0429069996, 1.83406997]
        - [0.248615995, 0.84059602, -0.481038004, 0.734764993]
    - - - [-0.0549950004, -0.990628004, 0.120128997, -0.329643995]
        - [0.996734977, -0.0489329994, 0.0519809984, 1.77528799]
        - [-0.0455479994, 0.122836001, 0.990676999, 4.44008398]
      - - [0.0864619985, 0.489470005, 0.867595971, 0.0150309997]
        - [0.96458602, -0.258547008, 0.0497340001, 1.83761406]
        - [0.248713002, 0.832686007, -0.49455899, 0.754898012]
    - - - [-0.0314910002, -0.99198103, 0.118107997, -0.351328999]
        - [0.997979999, -0.0258019995, 0.0487379991, 1.774786]
        - [-0.0452629998, 0.119498, 0.991263986, 4.54182005]
      - - [0.0837799981, 0.501681983, 0.860816002, 0.00926699955]
        - [0.964756012, -0.256657004, 0.0556849986, 1.840873]
        - [0.248943001, 0.825936019, -0.505578995, 0.772512972]
    - - - [-0.0182099994, -0.992159009, 0.117769003, -0.359304994]
        - [0.99803102, -0.0125810001, 0.0478270017, 1.76962996]
        - [-0.0459600016, 0.118624002, 0.991118014, 4.63101196]
      - - [0.0812660009, 0.511658013, 0.855199993, 0.00374500011]
        - [0.964874983, -0.255026996, 0.0608889982, 1.84388006]
        - [0.249311998, 0.820333004, -0.514486015, 0.787930012]
    - - - [-0.0140739996, -0.992114007, 0.119681999, -0.353307009]
        - [0.998076022, -0.00812400039, 0.0491739996, 1.76096904]
        - [-0.0477610007, 0.120325997, 0.990900993, 4.71032476]
      - - [0.0789100006, 0.519698024, 0.850567997, -0.00154700002]
        - [0.964941978, -0.253657013, 0.0654599965, 1.846668]
        - [0.249826998, 0.815690994, -0.521562994, 0.801467001]
    - - - [-0.017337, -0.991501987, 0.123492002, -0.335161]
        - [0.99791503, -0.0109200003, 0.0522160009, 1.750687]
        - [-0.0504559986, 0.124307998, 0.990236998, 4.77964401]
      - - [0.0767019987, 0.526131988, 0.846785009, -0.00662000012]
        - [0.964955986, -0.252550006, 0.0695109963, 1.84927201]
        - [0.250492007, 0.811864972, -0.527122021, 0.813444972]
    - - - [-0.0260189995, -0.990667999, 0.128527001, -0.308367997]
        - [0.997536004, -0.0187490005, 0.0563809983, 1.73999798]
        - [-0.0534549989, 0.129895002, 0.989305973, 4.83977699]
      - - [0.074634999, 0.531316996, 0.843757987, -0.0114860004]
        - [0.964917004, -0.251722008, 0.0731569976, 1.85172606]
        - [0.251313001, 0.808757007, -0.531503975, 0.824182987]
    - - - [-0.0373709984, -0.989606977, 0.133908004, -0.277763993]
        - [0.99702698, -0.02929, 0.0608970001, 1.72999406]
        - [-0.0563419983, 0.136007994, 0.988336027, 4.89163017]
      - - [0.0726969987, 0.535553992, 0.841304004, -0.0161550008]
        - [0.964823008, -0.251156986, 0.0765030012, 1.85406303]
        - [0.252297014, 0.80617702, -0.534992993, 0.834001005]
    - - - [-0.0484870002, -0.988677979, 0.138537005, -0.249437004]
        - [0.996505022, -0.0395990014, 0.0650189966, 1.721609]
        - [-0.0587580018, 0.141405001, 0.987587988, 4.93649101]
      - - [0.0708800033, 0.539133012, 0.839219987, -0.0206390005]
        - [0.964667976, -0.250827998, 0.0796509981, 1.85631597]
        - [0.253448009, 0.803928971, -0.53786701, 0.843218029]
    - - - [-0.0559390001, -0.987845004, 0.141148999, -0.230606005]
        - [0.995930016, -0.0466310009, 0.0679839998, 1.71646094]
        - [-0.0605640002, 0.144619003, 0.98694098, 4.9745059]
      - - [0.0691709965, 0.542309999, 0.837249994, -0.0249489993]
        - [0.964424014, -0.250692993, 0.0826959983, 1.85852098]
        - [0.254772007, 0.801779985, -0.540382028, 0.852153003]
    - - - [-0.0563400015, -0.987897992, 0.140437007, -0.229166001]
        - [0.995805979, -0.0468479991, 0.0692590028, 1.71576703]
        - [-0.0619070008, 0.144021004, 0.986961007, 5.00804901]
      - - [0.0675650015, 0.545442998, 0.835298002, -0.0290910006]
        - [0.964124978, -0.250750989, 0.0857499987, 1.86069798]
        - [0.256274998, 0.799600005, -0.542859018, 0.861127973]
    - - - [-0.0530890003, -0.988348007, 0.138145998, -0.237042993]
        - [0.995975971, -0.0437909998, 0.0692029968, 1.71708202]
        - [-0.0623070002, 0.141427994, 0.987262011, 5.03364801]
      - - [0.0660519972, 0.548020005, 0.833705008, -0.0331510007]
        - [0.963769019, -0.251067996, 0.0886780024, 1.86280298]
        - [0.257977992, 0.797721982, -0.544803977, 0.869602978]
    - - - [-0.0519310012, -0.988581002, 0.136683002, -0.241668999]
        - [0.996095002, -0.0427940004, 0.068723999, 1.71665001]
        - [-0.0621169992, 0.139880002, 0.987589002, 5.05001593]
      - - [0.0646219999, 0.54945302, 0.832859993, -0.0371560007]
        - [0.963352978, -0.251713008, 0.0913140029, 1.86475301]
        - [0.259884, 0.796531975, -0.545648992, 0.876953006]
    - - - [-0.0525779985, -0.988574028, 0.136034995, -0.243195996]
        - [0.996107996, -0.0435709991, 0.0679470003, 1.71492803]
        - [-0.0612969995, 0.139230996, 0.987711012, 5.05808401]
      - - [0.0632660016, 0.549925983, 0.832643986, -0.0410480015]
        - [0.962882996, -0.252654999, 0.0937089995, 1.86657298]
        - [0.261979014, 0.795916021, -0.545571983, 0.883355975]
    - - - [-0.0546200015, -0.988479972, 0.135988995, -0.242515996]
        - [0.996042013, -0.0457529984, 0.0669229999, 1.71217096]
        - [-0.0599590018, 0.139319003, 0.987758994, 5.05982018]
      - - [0.0619760007, 0.549624026, 0.832935989, -0.0447699986]
        - [0.962364018, -0.253865004, 0.095916003, 1.86829102]
        - [0.264247, 0.795755982, -0.544749022, 0.888993025]
    - - - [-0.0576260015, -0.988340974, 0.136350006, -0.240404993]
        - [0.996037006, -0.0489259996, 0.0657169968, 1.70859599]
        - [-0.058228001, 0.139836997, 0.987873018, 5.05731297]
      - - [0.0607419983, 0.548729002, 0.833615005, -0.0482649989]
        - [0.961799026, -0.255306989, 0.097984001, 1.86993098]
        - [0.266672999, 0.795937002, -0.543354988, 0.894042015]
    - - - [-0.0611659996, -0.987963021, 0.136851996, -0.237674996]
        - [0.995855987, -0.0527120009, 0.0642660037, 1.70472598]
        - [-0.0562979989, 0.140461996, 0.987801015, 5.05134583]
      - - [0.059551999, 0.547425985, 0.834562004, -0.0514749996]
        - [0.961133003, -0.256933987, 0.0999559984, 1.87152004]
        - [0.269221991, 0.796292007, -0.54153198, 0.898683012]
    - - - [-0.0649539977, -0.987706006, 0.137355, -0.235049993]
        - [0.995823979, -0.0567400008, 0.0627539977, 1.70056605]
        - [-0.0541450009, 0.140976995, 0.987902999, 5.04455996]
      - - [0.0584000014, 0.545898974, 0.835655987, -0.0543450005]
        - [0.960426986, -0.258720994, 0.101893, 1.87308395]
        - [0.271896988, 0.796755016, -0.539485991, 0.90309298]
    - - - [-0.0687799975, -0.987415016, 0.137577996, -0.233150005]
        - [0.995647013, -0.0607130006, 0.0610749982, 1.69662297]
        - [-0.0519170016, 0.141269997, 0.987887025, 5.03785801]
      - - [0.0572770014, 0.544331014, 0.836775005, -0.0568160005]
        - [0.959686995, -0.260630012, 0.103849001, 1.87464905]
        - [0.274679989, 0.797210991, -0.537393987, 0.907453001]
    - - - [-0.0723470002, -0.987245977, 0.137471005, -0.232374996]
        - [0.995540977, -0.0646350011, 0.0592890009, 1.69268501]
        - [-0.0496639982, 0.141265005, 0.98811698, 5.03364515]
      - - [0.0561739989, 0.542904973, 0.837799013, -0.0588309988]
        - [0.958918989, -0.262620002, 0.105879001, 1.87624002]
        - [0.277557999, 0.797546983, -0.535430014, 0.911940992]
    start: 28
  Attack_Double_End:
    end: 116
    frame_num: 120
    mtx:
    - - - [-0.524600983, -0.832706988, 0.174366996, 0.054618001]
        - [-0.492596, 0.130265996, -0.859817028, 5.10047007]
        - [0.693566978, -0.537280977, -0.478749007, -2.8003211]
      - - [-0.0520589985, -0.0253519993, 0.998223007, 0.00112699997]
        - [0.987595975, 0.146632001, 0.0552240014, 2.44639611]
        - [-0.147799999, 0.988790989, 0.0174049996, 0.208183005]
    - - - [-0.517933011, -0.836556971, 0.174849004, 0.0535110012]
        - [-0.510029018, 0.138503999, -0.847988009, 5.15744495]
        - [0.685638011, -0.528823018, -0.498737007, -2.77635694]
      - - [-0.0522850007, -0.0254110005, 0.998211026, 0.00156500004]
        - [0.988743007, 0.138283998, 0.0553090014, 2.4473331]
        - [-0.139469996, 0.989943027, 0.0178960003, 0.214864999]
    - - - [-0.511996984, -0.840219021, 0.174872994, 0.0534030013]
        - [-0.526129007, 0.146474004, -0.836785018, 5.21548891]
        - [0.677874029, -0.520812988, -0.517381012, -2.75231504]
      - - [-0.0525059998, -0.0254420005, 0.998199999, 0.00199700007]
        - [0.989859998, 0.129960999, 0.055381, 2.44825101]
        - [-0.131161004, 0.991065979, 0.0183620006, 0.221618995]
    - - - [-0.506573975, -0.843577027, 0.174504995, 0.0541159995]
        - [-0.541656017, 0.154495001, -0.825492978, 5.27525902]
        - [0.669869006, -0.51304698, -0.535520017, -2.72776198]
      - - [-0.0527240001, -0.0254449993, 0.998189986, 0.00242400006]
        - [0.990971982, 0.121671997, 0.0554400012, 2.44914794]
        - [-0.122885004, 0.992183983, 0.0188020002, 0.228442997]
    - - - [-0.501501977, -0.846782982, 0.173904002, 0.055381]
        - [-0.557148993, 0.162871003, -0.813345015, 5.33642578]
        - [0.660754025, -0.505177975, -0.553780019, -2.70080805]
      - - [-0.0529289991, -0.0254170001, 0.998180985, 0.002844]
        - [0.991889, 0.113398001, 0.055484999, 2.45002389]
        - [-0.114623003, 0.993107021, 0.0192099996, 0.235336006]
    - - - [-0.496675998, -0.849694014, 0.173334002, 0.0572020002]
        - [-0.573498011, 0.172042996, -0.799982011, 5.40038109]
        - [0.650303006, -0.497126997, -0.573117971, -2.67188811]
      - - [-0.0531300008, -0.0253589991, 0.998174012, 0.0032589999]
        - [0.992789984, 0.105166003, 0.0555169992, 2.450876]
        - [-0.106402002, 0.994014025, 0.0195899997, 0.242298007]
    - - - [-0.492110997, -0.852500021, 0.172927007, 0.0595280007]
        - [-0.591435015, 0.182276994, -0.784794986, 5.46790695]
        - [0.637843013, -0.488797009, -0.594269991, -2.64038992]
      - - [-0.0533259995, -0.0252700001, 0.998166978, 0.00366699998]
        - [0.99368602, 0.0969849974, 0.0555370003, 2.45170498]
        - [-0.0982280001, 0.994916975, 0.01994, 0.249326006]
    - - - [-0.487639993, -0.85502398, 0.172786996, 0.0620779991]
        - [-0.61115402, 0.193708003, -0.766452014, 5.53806305]
        - [0.622205019, -0.479736, -0.617444992, -2.60402203]
      - - [-0.0535070002, -0.0251490008, 0.998161018, 0.00406799978]
        - [0.994382977, 0.0888380036, 0.0555449985, 2.45250702]
        - [-0.0900880024, 0.995618999, 0.0202559996, 0.256421]
    - - - [-0.483321995, -0.857363999, 0.173189998, 0.0649460033]
        - [-0.633481026, 0.206735998, -0.744580984, 5.61253595]
        - [0.60295397, -0.469965994, -0.64349103, -2.56316304]
      - - [-0.0536830015, -0.0249959994, 0.998157024, 0.00446199998]
        - [0.995069027, 0.0807510018, 0.0555419996, 2.45328307]
        - [-0.0820050016, 0.996311009, 0.0205390006, 0.263579994]
    - - - [-0.479075998, -0.859506011, 0.174254999, 0.0680349991]
        - [-0.658654988, 0.221533999, -0.718092024, 5.69165802]
        - [0.579033971, -0.459203005, -0.672761977, -2.51702499]
      - - [-0.0538539998, -0.0248099994, 0.998153985, 0.0048489999]
        - [0.99575001, 0.0727299973, 0.0555289984, 2.45403099]
        - [-0.0739869997, 0.996999025, 0.0207899995, 0.270801991]
    - - - [-0.474857986, -0.861620009, 0.176117003, 0.0711589977]
        - [-0.686739028, 0.238211006, -0.685797989, 5.77476692]
        - [0.54923898, -0.446958989, -0.705259979, -2.46362305]
      - - [-0.0540000014, -0.0245919991, 0.998152018, 0.00522800023]
        - [0.99624002, 0.0647960007, 0.0554959998, 2.45474911]
        - [-0.0660530031, 0.997493982, 0.0210030004, 0.278073996]
    - - - [-0.471062988, -0.86293, 0.179665998, 0.0747319981]
        - [-0.718479991, 0.257937014, -0.644791007, 5.86216116]
        - [0.510399997, -0.433182001, -0.742025971, -2.40268898]
      - - [-0.0541509986, -0.02434, 0.998149991, 0.00559900003]
        - [0.996716022, 0.0569140017, 0.0554639995, 2.455446]
        - [-0.0581689999, 0.997976005, 0.0211800002, 0.285427988]
    - - - [-0.468172014, -0.863475025, 0.185142994, 0.0791940019]
        - [-0.753009021, 0.280883998, -0.594044983, 5.95366287]
        - [0.46114099, -0.417865008, -0.782118022, -2.3345921]
      - - [-0.054299999, -0.0240540002, 0.998149991, 0.005963]
        - [0.997187972, 0.0491119996, 0.0554290004, 2.45612693]
        - [-0.0503630005, 0.998453975, 0.0213220008, 0.292856008]
    - - - [-0.465689003, -0.863362014, 0.191484004, 0.0842219964]
        - [-0.787099004, 0.305970997, -0.534361005, 6.04688692]
        - [0.403026998, -0.399937987, -0.822537005, -2.25844312]
      - - [-0.0544379987, -0.0237319991, 0.998149991, 0.00631800015]
        - [0.997497022, 0.0413729995, 0.0553889982, 2.45678806]
        - [-0.042617999, 0.998769999, 0.0214230008, 0.300354004]
    - - - [-0.463342994, -0.863264024, 0.197806001, 0.0895330012]
        - [-0.81853497, 0.332192987, -0.467633992, 6.14157915]
        - [0.338194013, -0.378812999, -0.860976994, -2.17432904]
      - - [-0.054570999, -0.0233740006, 0.998151004, 0.00666399999]
        - [0.997771978, 0.0336950012, 0.0553440005, 2.45742297]
        - [-0.0349319987, 0.999051988, 0.0214850008, 0.307915002]
    - - - [-0.460736006, -0.863276005, 0.203093007, 0.0946659967]
        - [-0.845004022, 0.357917994, -0.395644993, 6.23569202]
        - [0.269059002, -0.354212999, -0.89498502, -2.08190298]
      - - [-0.0546999983, -0.0229770001, 0.998152018, 0.00700099999]
        - [0.998045981, 0.0260710008, 0.0552939996, 2.45802689]
        - [-0.0272979997, 0.999333024, 0.0215080008, 0.315537006]
    - - - [-0.45778501, -0.863964021, 0.206864998, 0.0997229964]
        - [-0.865773022, 0.381850988, -0.321283013, 6.32908821]
        - [0.198669001, -0.326498985, -0.923421025, -1.98186398]
      - - [-0.0548180006, -0.0225399993, 0.998154998, 0.00732999993]
        - [0.998199999, 0.0184889995, 0.0552389994, 2.45859599]
        - [-0.0197039992, 0.999494016, 0.0214889999, 0.323213995]
    - - - [-0.454282999, -0.865429997, 0.208712995, 0.104525998]
        - [-0.880537987, 0.402500987, -0.247426003, 6.42036915]
        - [0.130173996, -0.296492994, -0.945490003, -1.874439]
      - - [-0.0549260005, -0.0220630001, 0.998157978, 0.0076489998]
        - [0.998286009, 0.010942, 0.0551799983, 2.4591229]
        - [-0.0121419998, 0.999588013, 0.0214259997, 0.330940992]
    - - - [-0.449851006, -0.867690027, 0.208441004, 0.108722001]
        - [-0.889882982, 0.418738991, -0.177395001, 6.50957489]
        - [0.0667020008, -0.265498996, -0.961219013, -1.760463]
      - - [-0.055027999, -0.0215429999, 0.998161972, 0.00795799959]
        - [0.998372972, 0.00342399999, 0.0551149994, 2.45960498]
        - [-0.00460600015, 0.999682009, 0.0213220008, 0.338714004]
    - - - [-0.444481999, -0.871100008, 0.205841005, 0.112166002]
        - [-0.895015001, 0.429572999, -0.114442997, 6.59525108]
        - [0.0112150004, -0.235349998, -0.97123301, -1.64001906]
      - - [-0.0551190004, -0.0209800005, 0.998167992, 0.00825800002]
        - [0.998387992, -0.00407500006, 0.0550450012, 2.46003509]
        - [0.00291300006, 0.999704003, 0.0211730003, 0.346527994]
    - - - [-0.437884003, -0.875616014, 0.201064005, 0.114848003]
        - [-0.897686005, 0.434668988, -0.061900001, 6.6772542]
        - [-0.0332099982, -0.207730994, -0.977047026, -1.51459503]
      - - [-0.0551859997, -0.0203719996, 0.998174012, 0.00854699966]
        - [0.998291016, -0.0115630003, 0.0549609996, 2.46040797]
        - [0.0104240002, 0.999615014, 0.020978, 0.354378015]
    - - - [-0.429991007, -0.881179988, 0.193255007, 0.116632]
        - [-0.899679005, 0.434424996, -0.0209550001, 6.75633478]
        - [-0.0655739978, -0.183097005, -0.980203986, -1.38483703]
      - - [-0.0553090014, -0.0197839998, 0.998175979, 0.00882500038]
        - [0.998203993, -0.0180159993, 0.0549560003, 2.46142411]
        - [0.0168990009, 0.999538004, 0.0207480006, 0.362581998]
    - - - [-0.421317011, -0.887598991, 0.183066994, 0.118138]
        - [-0.901925027, 0.430222005, 0.0100790001, 6.83125687]
        - [-0.0878039971, -0.161054, -0.982433975, -1.25086403]
      - - [-0.055509001, -0.0192540009, 0.998171985, 0.00909100007]
        - [0.99813199, -0.0228630006, 0.0550649986, 2.46347499]
        - [0.0217649993, 0.999481022, 0.0204889998, 0.371322006]
    - - - [-0.411992013, -0.894189, 0.171388, 0.118584]
        - [-0.904666007, 0.423146993, 0.0328719988, 6.90033388]
        - [-0.101986997, -0.141679004, -0.984026015, -1.11083603]
      - - [-0.0557509996, -0.0187379997, 0.998165011, 0.00934700016]
        - [0.99804002, -0.0267760009, 0.055238001, 2.46609712]
        - [0.0256970003, 0.999408007, 0.0201960001, 0.380385995]
    - - - [-0.402460009, -0.900922, 0.158978999, 0.117330998]
        - [-0.908047974, 0.414290011, 0.0492089987, 6.96174908]
        - [-0.110261999, -0.124766, -0.985424995, -0.963715017]
      - - [-0.0559940003, -0.0181939993, 0.998157978, 0.0095929997]
        - [0.997889996, -0.0304310005, 0.0554249994, 2.46883011]
        - [0.0293729994, 0.999276996, 0.0198619999, 0.389566988]
    - - - [-0.392780006, -0.907418013, 0.146449, 0.113718003]
        - [-0.911783993, 0.404513001, 0.0610189997, 7.01514387]
        - [-0.114707999, -0.109681003, -0.986760974, -0.809337974]
      - - [-0.0562070012, -0.0175800007, 0.998152971, 0.00982899964]
        - [0.997726023, -0.0345049985, 0.0555769987, 2.47120905]
        - [0.0334720016, 0.999131024, 0.0194819998, 0.398656011]
    - - - [-0.382990003, -0.913325012, 0.134090006, 0.107325003]
        - [-0.915473998, 0.39427799, 0.0705699995, 7.05966806]
        - [-0.117374003, -0.0958430022, -0.987792015, -0.647835016]
      - - [-0.0563520007, -0.0168520007, 0.998152971, 0.0100579998]
        - [0.997524977, -0.039673999, 0.0556490012, 2.47277308]
        - [0.0386720002, 0.998944998, 0.019049, 0.407445997]
    - - - [-0.373187006, -0.919057012, 0.122257002, 0.0986580029]
        - [-0.919158995, 0.383940995, 0.0800950006, 7.09662294]
        - [-0.120632999, -0.0825200006, -0.988683999, -0.479404986]
      - - [-0.0563919991, -0.0159690008, 0.998161972, 0.0102789998]
        - [0.997264981, -0.0466139987, 0.0555929989, 2.47305894]
        - [0.045651, 0.998694003, 0.0185570009, 0.415728003]
    - - - [-0.363056004, -0.924476027, 0.111114003, 0.0883060023]
        - [-0.922357976, 0.37333101, 0.0921220034, 7.12619591]
        - [-0.126718998, -0.0691199973, -0.988822997, -0.304156989]
      - - [-0.0562819988, -0.0148919998, 0.998181999, 0.010493]
        - [0.996775985, -0.0559910014, 0.0553670004, 2.47160411]
        - [0.0550779998, 0.998205006, 0.0179970004, 0.423292011]
    - - - [-0.352205008, -0.929880977, 0.101075999, 0.0774689987]
        - [-0.925027013, 0.362253994, 0.109168999, 7.15135813]
        - [-0.138159007, -0.0550689995, -0.988363981, -0.122109003]
      - - [-0.0559840016, -0.0135819996, 0.99821502, 0.0107009998]
        - [0.996020973, -0.0684830025, 0.054928001, 2.46794605]
        - [0.0676309988, 0.997442007, 0.0173640009, 0.429931015]
    - - - [-0.33998701, -0.935235977, 0.0924189985, 0.0665879995]
        - [-0.926451027, 0.350057989, 0.133855, 7.17195177]
        - [-0.157612994, -0.0400959998, -0.986118972, 0.0683979988]
      - - [-0.0554520003, -0.0120090004, 0.998264015, 0.0109040001]
        - [0.994790971, -0.0847489983, 0.0542399995, 2.461622]
        - [0.0839710012, 0.996190012, 0.0166480001, 0.435449988]
    - - - [-0.324624985, -0.941300988, 0.084292002, 0.0553259999]
        - [-0.927663028, 0.334477007, 0.161431998, 7.18956518]
        - [-0.180222005, -0.0258530006, -0.982590973, 0.261566013]
      - - [-0.0546559989, -0.0102040004, 0.998328984, 0.0111029996]
        - [0.99297601, -0.104580998, 0.0532930009, 2.45311999]
        - [0.103887998, 0.994338989, 0.0158500001, 0.440052986]
    - - - [-0.305011004, -0.948539972, 0.0759750009, 0.042270001]
        - [-0.930015981, 0.314117998, 0.187253997, 7.20436096]
        - [-0.201557994, -0.0135979997, -0.978784025, 0.454854012]
      - - [-0.0536150001, -0.00823699962, 0.99840802, 0.0112979999]
        - [0.990418971, -0.127149001, 0.0521339998, 2.4431901]
        - [0.126548007, 0.991734028, 0.0149769997, 0.444097996]
    - - - [-0.281827986, -0.956345975, 0.0681089982, 0.0272410009]
        - [-0.932097971, 0.290003985, 0.213474005, 7.21318483]
        - [-0.223958999, -0.0034070001, -0.973903, 0.652499974]
      - - [-0.0523580015, -0.0061420002, 0.998495996, 0.0114900004]
        - [0.986953974, -0.152173996, 0.050813999, 2.43176508]
        - [0.151667997, 0.988210022, 0.0140300002, 0.447546005]
    - - - [-0.256199002, -0.964118004, 0.0615260005, 0.010609]
        - [-0.933107018, 0.263478011, 0.242107004, 7.21445322]
        - [-0.249790996, 0.00467800023, -0.967710018, 0.858879983]
      - - [-0.0509190001, -0.00394999981, 0.998591006, 0.0116800005]
        - [0.982439995, -0.179374993, 0.049385, 2.41877699]
        - [0.178964004, 0.983627975, 0.0130150001, 0.45036]
    - - - [-0.229426995, -0.971090972, 0.0566690005, -0.00713300006]
        - [-0.931295991, 0.236148998, 0.275157005, 7.20415783]
        - [-0.28065899, 0.0103190001, -0.959151983, 1.07681704]
      - - [-0.0493329987, -0.00168999995, 0.998690009, 0.0118699996]
        - [0.976760983, -0.208462, 0.0478969999, 2.40415502]
        - [0.208146006, 0.977874994, 0.0119350003, 0.452500999]
    - - - [-0.203263, -0.97705698, 0.0541040003, -0.0248930007]
        - [-0.925391018, 0.209949002, 0.314016998, 7.17863607]
        - [-0.318295002, 0.0137830004, -0.947291017, 1.309219]
      - - [-0.0476370007, 0.000614000019, 0.998790026, 0.0120580001]
        - [0.969825983, -0.239146993, 0.0463999994, 2.38783312]
        - [0.238922, 0.970862985, 0.0107969996, 0.453929991]
    - - - [-0.179565996, -0.981666028, 0.0539189987, -0.041193001]
        - [-0.913438976, 0.186894, 0.36006701, 7.13330507]
        - [-0.363655001, 0.0154630002, -0.93077302, 1.55768299]
      - - [-0.0458640009, 0.00294100004, 0.998853981, 0.0122480001]
        - [0.961432993, -0.271100014, 0.044941999, 2.36974096]
        - [0.270969987, 0.96242398, 0.00960600004, 0.45460999]
    - - - [-0.160243005, -0.984831989, 0.0559480004, -0.0544830002]
        - [-0.893643975, 0.169000998, 0.414148003, 7.06417608]
        - [-0.417495012, 0.0164080001, -0.907746017, 1.82354295]
      - - [-0.0440540016, 0.0052769999, 0.998915017, 0.0124380002]
        - [0.951555014, -0.304015011, 0.0435720012, 2.34981203]
        - [0.303975999, 0.952499986, 0.00837200042, 0.454501987]
    - - - [-0.147119999, -0.986717999, 0.0598580018, -0.0631759986]
        - [-0.864058971, 0.157840997, 0.476909012, 6.9679718]
        - [-0.480237991, 0.0184429996, -0.876290977, 2.10731196]
      - - [-0.0422490016, 0.00761599978, 0.998970985, 0.012631]
        - [0.940266013, -0.337621003, 0.0423359983, 2.32797694]
        - [0.337668985, 0.941166997, 0.00710299984, 0.453566998]
    - - - [-0.143874004, -0.986712992, 0.0671909973, -0.0658179969]
        - [-0.822420001, 0.157101005, 0.54558903, 6.83849192]
        - [-0.549169004, 0.023325, -0.834594011, 2.4082489]
      - - [-0.0404790007, 0.00995600037, 0.999020994, 0.0128260003]
        - [0.927341998, -0.371567011, 0.0412800014, 2.30416799]
        - [0.371695995, 0.928201973, 0.00580799999, 0.451768011]
    - - - [-0.148444995, -0.985538006, 0.0740569979, -0.0623590015]
        - [-0.762377024, 0.161925003, 0.625568986, 6.66674709]
        - [-0.628867984, 0.0364330001, -0.775844991, 2.73305511]
      - - [-0.0385380015, 0.0125789996, 0.999071002, 0.0130230002]
        - [0.912374973, -0.407133013, 0.0403180011, 2.27699089]
        - [0.40734899, 0.913192987, 0.00421399996, 0.448859006]
    - - - [-0.162413999, -0.982586026, 0.0832900032, -0.0523959994]
        - [-0.680441976, 0.172799006, 0.711220026, 6.44174099]
        - [-0.713663995, 0.058885999, -0.697085977, 3.07866907]
      - - [-0.0362679996, 0.0155999996, 0.999125004, 0.0132210003]
        - [0.89448899, -0.445077986, 0.0394209996, 2.24573898]
        - [0.445389003, 0.895258009, 0.0021889999, 0.444743991]
    - - - [-0.182518005, -0.97795397, 0.0949359983, -0.0363969989]
        - [-0.575968981, 0.184735999, 0.795479, 6.16146278]
        - [-0.795970023, 0.0906160027, -0.597360015, 3.4298501]
      - - [-0.0338089988, 0.0187919997, 0.999176979, 0.0134190004]
        - [0.87379998, -0.484447986, 0.038683001, 2.21138501]
        - [0.484847993, 0.874517024, -4.19999997e-05, 0.439608008]
    - - - [-0.205486998, -0.971949995, 0.108686998, -0.0150309997]
        - [-0.450269014, 0.192646995, 0.871092021, 5.82762098]
        - [-0.868099988, 0.130161002, -0.477483988, 3.77121592]
      - - [-0.031293001, 0.0219529998, 0.999164999, 0.0136160003]
        - [0.850503027, -0.524281979, 0.03816, 2.17489409]
        - [0.524791002, 0.851114988, -0.00226500002, 0.433634996]
    - - - [-0.228109002, -0.965075016, 0.123856001, 0.0100840004]
        - [-0.307247013, 0.192191005, 0.931361973, 5.44641018]
        - [-0.923170984, 0.174502999, -0.340498, 4.08824301]
      - - [-0.0288459994, 0.0249080006, 0.999149978, 0.0138130002]
        - [0.824904978, -0.563710988, 0.0378720015, 2.13723207]
        - [0.564315021, 0.825416982, -0.00428600004, 0.42701]
    - - - [-0.247509003, -0.958117008, 0.139201, 0.0363649987]
        - [-0.153238997, 0.180659994, 0.97074002, 5.02842999]
        - [-0.955838978, 0.219108, -0.191575006, 4.36788416]
      - - [-0.0265859999, 0.0275100004, 0.999135017, 0.0140089998]
        - [0.797460973, -0.601917982, 0.0377949998, 2.09936905]
        - [0.602596998, 0.797887027, -0.00593600003, 0.419916987]
    - - - [-0.261552006, -0.952197015, 0.153104007, 0.0610320009]
        - [0.00344899995, 0.157772005, 0.986801982, 4.5893712]
        - [-0.964513004, 0.258818001, -0.0377889983, 4.60295105]
      - - [-0.0246149991, 0.0296369996, 0.999122977, 0.0142050004]
        - [0.768766999, -0.638176024, 0.0378709994, 2.06226802]
        - [0.638909996, 0.769123018, -0.00707599986, 0.412541002]
    - - - [-0.268685997, -0.948529005, 0.163800001, 0.0807090029]
        - [0.154348001, 0.125440001, 0.979318023, 4.14611197]
        - [-0.950006008, 0.288614988, 0.112864003, 4.78875303]
      - - [-0.0230209995, 0.0311869998, 0.999116004, 0.0143999998]
        - [0.739549994, -0.671864986, 0.0380109996, 2.02690411]
        - [0.672634006, 0.739858985, -0.00759800011, 0.40506801]
    - - - [-0.26809901, -0.947673023, 0.169548005, 0.092592001]
        - [0.291521013, 0.087782003, 0.951783001, 3.71776795]
        - [-0.917415977, 0.304818988, 0.25308001, 4.92772102]
      - - [-0.0218749996, 0.0320740007, 0.99911499, 0.0145939998]
        - [0.710554004, -0.702401996, 0.0381070003, 1.99424005]
        - [0.703186989, 0.710841, -0.0074260002, 0.397680998]
    - - - [-0.259447008, -0.950174987, 0.169, 0.0939970016]
        - [0.409521997, 0.0500289984, 0.910125017, 3.32197499]
        - [-0.87380898, 0.305563003, 0.376590997, 5.02616405]
      - - [-0.0212399997, 0.0322379991, 0.999123991, 0.0147869997]
        - [0.682763994, -0.729420006, 0.0380529985, 1.96524405]
        - [0.730198026, 0.683054984, -0.00651900005, 0.390565008]
    - - - [-0.242772996, -0.955946982, 0.161064997, 0.0841450021]
        - [0.514214993, 0.0137790004, 0.856673002, 2.94768906]
        - [-0.821726978, 0.291025013, 0.488694996, 5.09684515]
      - - [-0.0209599994, 0.0318679996, 0.999144018, 0.014978]
        - [0.655880988, -0.753727973, 0.0378010012, 1.93914104]
        - [0.754481018, 0.656194985, -0.00510400021, 0.383320987]
    - - - [-0.220216006, -0.963770986, 0.146146998, 0.0657450035]
        - [0.612179995, -0.0201689992, 0.78946501, 2.57631111]
        - [-0.75849402, 0.263502002, 0.595091999, 5.14413023]
      - - [-0.0208400004, 0.0312280003, 0.999173999, 0.015168]
        - [0.629082978, -0.776235998, 0.0373839997, 1.91449201]
        - [0.776950002, 0.629428983, -0.0034680001, 0.375537008]
    - - - [-0.194316998, -0.972151995, 0.126011997, 0.0429150015]
        - [0.701330006, -0.0481109992, 0.710078001, 2.21195793]
        - [-0.684738994, 0.226533994, 0.691784024, 5.16544294]
      - - [-0.0208790004, 0.0303070005, 0.999220014, 0.0153559996]
        - [0.602564991, -0.797019005, 0.036768999, 1.89128101]
        - [0.797675014, 0.60295099, -0.00162200001, 0.367376]
    - - - [-0.167275995, -0.979893982, 0.103027001, 0.0200590007]
        - [0.779814005, -0.0677139983, 0.621263981, 1.85978103]
        - [-0.602240026, 0.184442997, 0.776040018, 5.16033983]
      - - [-0.0210730005, 0.0290959999, 0.999270022, 0.0155429998]
        - [0.576520026, -0.816173971, 0.0359239988, 1.869488]
        - [0.816761017, 0.57694298, 0.000425000006, 0.359001011]
    - - - [-0.140784994, -0.986292005, 0.0796130002, 0.00104999996]
        - [0.845875025, -0.0781600028, 0.526489973, 1.52610302]
        - [-0.513291001, 0.141568005, 0.845872998, 5.12876701]
      - - [-0.0214140005, 0.0275749993, 0.999269009, 0.0157270003]
        - [0.551006973, -0.833589017, 0.0348140001, 1.84909296]
        - [0.834142029, 0.551431, 0.00265699998, 0.350573987]
    - - - [-0.116020001, -0.990898013, 0.0577929989, -0.0117840003]
        - [0.898548007, -0.0801490024, 0.42967999, 1.21704197]
        - [-0.421454012, 0.101871997, 0.900449991, 5.07418823]
      - - [-0.0219000001, 0.0257360004, 0.999293029, 0.0159099996]
        - [0.526226997, -0.84946698, 0.0334139988, 1.83007801]
        - [0.849956989, 0.526654005, 0.00506100012, 0.34225899]
    - - - [-0.094002001, -0.994190991, 0.0390559994, -0.0174209997]
        - [0.938208997, -0.0755620003, 0.335539997, 0.938118994]
        - [-0.330835998, 0.0681999996, 0.940661013, 5.00300312]
      - - [-0.0225230008, 0.0235629994, 0.999354005, 0.01609]
        - [0.502322018, -0.863901019, 0.0316950008, 1.81242096]
        - [0.864287972, 0.502754986, 0.00762199983, 0.334217995]
    - - - [-0.0754679963, -0.996324003, 0.0241420008, -0.0164250005]
        - [0.965721011, -0.0671470016, 0.248166993, 0.69443202]
        - [-0.245830998, 0.0420450009, 0.967925012, 4.9224782]
      - - [-0.0232790001, 0.02104, 0.999468029, 0.016268]
        - [0.479418993, -0.876967013, 0.0296330005, 1.79610705]
        - [0.877192974, 0.479860991, 0.0103280004, 0.326613009]
    - - - [-0.0611740015, -0.997464001, 0.0131789995, -0.0108519997]
        - [0.982770979, -0.0580140017, 0.171669006, 0.490274996]
        - [-0.170543998, 0.0234549996, 0.984602988, 4.84054089]
      - - [-0.024162, 0.0181450006, 0.999462008, 0.0164429992]
        - [0.457596004, -0.888581991, 0.0272010006, 1.78111398]
        - [0.888741016, 0.458043009, 0.0131679997, 0.319608986]
    - - - [-0.0520489998, -0.997925997, 0.00573799992, -0.00327300001]
        - [0.991805017, -0.0511099994, 0.109514996, 0.327924013]
        - [-0.109058, 0.0114590004, 0.993278027, 4.76691103]
      - - [-0.0251739994, 0.014862, 0.999428988, 0.0166159999]
        - [0.436978012, -0.898916006, 0.0243810005, 1.76742399]
        - [0.899021983, 0.437400997, 0.0161370002, 0.313365996]
    - - - [-0.0474859998, -0.998319983, 0.00158499996, 0.00454600016]
        - [0.996028006, -0.0472499989, 0.0656329989, 0.212687999]
        - [-0.0653870031, 0.00468900008, 0.997346997, 4.71170712]
      - - [-0.0262880009, 0.0111520002, 0.999482989, 0.0167849995]
        - [0.418094009, -0.907966971, 0.0211360008, 1.75549698]
        - [0.90793103, 0.418494999, 0.0192089994, 0.307826012]
    - - - [-0.0455260016, -0.998403013, 0.000111000001, 0.0117760003]
        - [0.997518003, -0.0454399996, 0.0393449999, 0.143534005]
        - [-0.0392910019, 0.00192399998, 0.998709977, 4.67618322]
      - - [-0.0274870005, 0.00701799989, 0.999487996, 0.0169520006]
        - [0.401169986, -0.915688992, 0.0174649991, 1.74561095]
        - [0.91554302, 0.401486009, 0.022357, 0.302785009]
    - - - [-0.0454239994, -0.998444021, 0.000487000012, 0.0174029991]
        - [0.997906983, -0.0453750007, 0.0277929995, 0.111700997]
        - [-0.0277379993, 0.00179799995, 0.999044001, 4.65872908]
      - - [-0.0287849996, 0.00249200012, 0.999508977, 0.0171150006]
        - [0.385928005, -0.922312021, 0.0134190004, 1.73747098]
        - [0.922028005, 0.386132002, 0.025587, 0.298191994]
    - - - [-0.0465180017, -0.998328984, 0.00190000003, 0.0206400007]
        - [0.997763991, -0.0464310013, 0.0278960001, 0.109297998]
        - [-0.0277159996, 0.00325300009, 0.998977005, 4.65596294]
      - - [-0.0301869996, -0.00237899995, 0.999437988, 0.017275]
        - [0.372074991, -0.927976012, 0.00904100016, 1.73077595]
        - [0.927623987, 0.372184992, 0.0289019998, 0.293998986]
    - - - [-0.0481990017, -0.998170018, 0.00364900008, 0.0211069994]
        - [0.997372985, -0.0479829982, 0.0364970006, 0.128438994]
        - [-0.0361579992, 0.00545000006, 0.998748004, 4.66473913]
      - - [-0.0317049995, -0.00754299993, 0.999327004, 0.0174320005]
        - [0.359425008, -0.933009028, 0.00436099991, 1.72523105]
        - [0.932612002, 0.359373987, 0.0322970003, 0.290154994]
    - - - [-0.0499220006, -0.998232007, 0.00520099979, 0.018747]
        - [0.996792972, -0.0495630018, 0.0503319986, 0.161659002]
        - [-0.0499499999, 0.00775199989, 0.998184979, 4.679739]
      - - [-0.0333269984, -0.0129730003, 0.999287009, 0.0175839998]
        - [0.347618997, -0.937484026, -0.000563999987, 1.72053504]
        - [0.936959982, 0.347373009, 0.0357559994, 0.286610007]
    - - - [-0.0513300002, -0.998059988, 0.00624200003, 0.0140669998]
        - [0.995680988, -0.0507789999, 0.0661749989, 0.201681003]
        - [-0.0657410026, 0.00963899959, 0.997238994, 4.69754982]
      - - [-0.0350439996, -0.0185989998, 0.999100983, 0.0177330002]
        - [0.336405009, -0.941572011, -0.00572599983, 1.71639204]
        - [0.941040993, 0.335936993, 0.0392579995, 0.283315986]
    - - - [-0.052228, -0.997941017, 0.00658300007, 0.00794399995]
        - [0.994459987, -0.0515090004, 0.080682002, 0.240694001]
        - [-0.0801839978, 0.0108249998, 0.99603802, 4.71317387]
      - - [-0.0368280001, -0.0243900008, 0.998883009, 0.0178779997]
        - [0.325428009, -0.945285976, -0.0110689998, 1.71250403]
        - [0.944764018, 0.324705005, 0.0427559987, 0.280223012]
    - - - [-0.0525700003, -0.998019993, 0.00634199986, 0.00175599998]
        - [0.993848026, -0.0518120006, 0.0904510021, 0.26978901]
        - [-0.0899880007, 0.0110579999, 0.995325029, 4.72477007]
      - - [-0.0386519991, -0.0302809998, 0.998776972, 0.0180190001]
        - [0.314478993, -0.949066997, -0.0165960006, 1.70857096]
        - [0.948439002, 0.313455999, 0.0462069996, 0.277280003]
    - - - [-0.0524390005, -0.997910976, 0.00557400007, -0.00294500007]
        - [0.993512988, -0.051713001, 0.0920829996, 0.282180995]
        - [-0.0916609988, 0.0104019996, 0.995091975, 4.72750616]
      - - [-0.0404580012, -0.0362370014, 0.998380005, 0.0181559995]
        - [0.303153992, -0.952468991, -0.0222689994, 1.70428395]
        - [0.952005029, 0.301806003, 0.0495270006, 0.274437994]
    - - - [-0.0523589998, -0.997982025, 0.00461999979, -0.00604199991]
        - [0.993934989, -0.0517840013, 0.0884609967, 0.283327997]
        - [-0.0880779997, 0.00923100021, 0.995489001, 4.72665119]
      - - [-0.042332001, -0.0425279997, 0.998094976, 0.0182879996]
        - [0.291722, -0.955933988, -0.0283470005, 1.70002902]
        - [0.955514014, 0.289986014, 0.0528770015, 0.271752]
    - - - [-0.0526820011, -0.998072028, 0.00362899993, -0.00879499968]
        - [0.994377971, -0.0521650016, 0.0846379995, 0.285643011]
        - [-0.0843510032, 0.00810899958, 0.99595201, 4.72672701]
