_sword_blur:
  Attack_Spear_Side:
    end: 108
    frame_num: 360
    mtx:
    - - - [0.992036998, -0.0682640001, 0.098536998, -9.74907684]
        - [-0.112401001, -0.816046, 0.565632999, 6.51957512]
        - [0.0418259986, -0.572710991, -0.817753971, -0.119961999]
      - - [-0.0194279999, 0.0953629985, 0.994596004, -2.62583995]
        - [-0.222305, -0.970233977, 0.0887160003, 7.00232792]
        - [0.974128008, -0.219514996, 0.0401140004, 1.04383302]
    - - - [0.992255986, -0.0711539984, 0.0946839973, -9.72944355]
        - [-0.112460002, -0.817129016, 0.564040005, 6.49003601]
        - [0.0372160003, -0.570784986, -0.819350004, -0.0776299983]
      - - [-0.0177979991, 0.0912920013, 0.995110989, -2.606709]
        - [-0.223047003, -0.970462978, 0.0850860029, 6.97994518]
        - [0.974067986, -0.220552996, 0.0376669988, 1.05506802]
    - - - [0.992443979, -0.0739400014, 0.0907130018, -9.70938587]
        - [-0.112389997, -0.818188012, 0.562485993, 6.46020794]
        - [0.0326180011, -0.568858981, -0.820890009, -0.0350680016]
      - - [-0.0161080007, 0.087259002, 0.995555997, -2.58745003]
        - [-0.223912999, -0.970625997, 0.0815090016, 6.95828676]
        - [0.973905981, -0.221697003, 0.0352250002, 1.06637096]
    - - - [0.992601991, -0.0766080022, 0.0866239965, -9.6889286]
        - [-0.112187997, -0.819260001, 0.56100899, 6.43004084]
        - [0.0279799998, -0.566964984, -0.822365999, 0.00798000023]
      - - [-0.0143980002, 0.0832780004, 0.995886028, -2.56804299]
        - [-0.224900007, -0.970697999, 0.0779889971, 6.93724823]
        - [0.973688006, -0.222931996, 0.0327709988, 1.077829]
    - - - [0.992769003, -0.0791649967, 0.0823979974, -9.66841125]
        - [-0.111847997, -0.820327997, 0.559629023, 6.39962721]
        - [0.0232779998, -0.565137029, -0.823800027, 0.0516140014]
      - - [-0.0126820002, 0.0793740004, 0.996204019, -2.54852295]
        - [-0.225997999, -0.970745981, 0.0745370016, 6.91679811]
        - [0.973451018, -0.224262998, 0.0303210001, 1.08957899]
    - - - [0.992937982, -0.0816159993, 0.0780019984, -9.64789295]
        - [-0.111359, -0.821314991, 0.558313012, 6.36905193]
        - [0.0184920002, -0.563355982, -0.825116992, 0.0959260017]
      - - [-0.0109780002, 0.0755470023, 0.996486008, -2.52888799]
        - [-0.227184996, -0.970723987, 0.0711610019, 6.89699602]
        - [0.973179996, -0.225672007, 0.0278840009, 1.10164106]
    - - - [0.993067026, -0.0839650035, 0.0734229982, -9.62694168]
        - [-0.110703997, -0.822211027, 0.55706799, 6.33857679]
        - [0.0135909999, -0.561655998, -0.826314986, 0.140876994]
      - - [-0.009296, 0.0718080029, 0.996722996, -2.50898695]
        - [-0.228428006, -0.97062999, 0.0678709969, 6.87797499]
        - [0.972859025, -0.227158993, 0.0254779998, 1.11400104]
    - - - [0.993193984, -0.0862220004, 0.0686430037, -9.60593319]
        - [-0.10988, -0.823050976, 0.555954993, 6.30799103]
        - [0.00854699966, -0.560081005, -0.82743597, 0.186614007]
      - - [-0.0076489998, 0.0681739971, 0.996975005, -2.4888339]
        - [-0.229748994, -0.970524013, 0.0646760017, 6.85945415]
        - [0.972545028, -0.228704005, 0.0231190007, 1.12682402]
    - - - [0.993342996, -0.0883949995, 0.0636449978, -9.58502388]
        - [-0.108879, -0.823831022, 0.555010974, 6.27735806]
        - [0.00334000005, -0.558642983, -0.828477025, 0.233118996]
      - - [-0.00604999997, 0.0646570027, 0.997247994, -2.46837997]
        - [-0.231134996, -0.970413983, 0.0615869984, 6.84137917]
        - [0.972243011, -0.230296001, 0.0208209995, 1.14014196]
    - - - [0.993502975, -0.0904920027, 0.0583939999, -9.56410503]
        - [-0.107697003, -0.824518979, 0.554242015, 6.24682188]
        - [-0.00205000001, -0.557344973, -0.82940799, 0.280366987]
      - - [-0.00450199982, 0.0612680018, 0.997521996, -2.44752407]
        - [-0.232573003, -0.970273972, 0.0586020015, 6.82374907]
        - [0.971939027, -0.231911004, 0.0186059996, 1.15394998]
    - - - [0.993658006, -0.0925429985, 0.0527929999, -9.54325199]
        - [-0.106293999, -0.825074971, 0.553723991, 6.21655798]
        - [-0.0077399998, -0.556249022, -0.830170989, 0.328628004]
      - - [-0.00305699999, 0.0580179989, 0.997722983, -2.42620301]
        - [-0.234071001, -0.970045984, 0.0557309985, 6.80653095]
        - [0.971624017, -0.233541995, 0.0165180005, 1.16824996]
    - - - [0.993758023, -0.0944899991, 0.0470549986, -9.52171421]
        - [-0.104727, -0.825564027, 0.553348005, 6.18620396]
        - [-0.01351, -0.555251002, -0.830788016, 0.377214998]
      - - [-0.00166399998, 0.0548929982, 0.997888982, -2.40429997]
        - [-0.235629007, -0.969807029, 0.0529839993, 6.78973913]
        - [0.971261978, -0.235208005, 0.0145079996, 1.18289995]
    - - - [0.993840992, -0.0963480026, 0.0411420017, -9.50006104]
        - [-0.102994002, -0.825926006, 0.553135991, 6.15601683]
        - [-0.0193639994, -0.554408014, -0.831259012, 0.426073998]
      - - [-0.000326999987, 0.0518900007, 0.998059988, -2.38199496]
        - [-0.237298995, -0.969506979, 0.0503389984, 6.77350712]
        - [0.970870972, -0.236967996, 0.0126160001, 1.19786501]
    - - - [0.993924022, -0.098116003, 0.0350579992, -9.47847652]
        - [-0.101090997, -0.826200008, 0.553102016, 6.12580013]
        - [-0.0253430009, -0.553726017, -0.831604004, 0.475517005]
      - - [0.000936999975, 0.0490060002, 0.998257995, -2.35940289]
        - [-0.239077002, -0.969197989, 0.0477969982, 6.7577281]
        - [0.970485985, -0.238821998, 0.0108099999, 1.213238]
    - - - [0.993960023, -0.099793002, 0.0287650004, -9.45648766]
        - [-0.099022001, -0.82634598, 0.553202987, 6.09562588]
        - [-0.0314529985, -0.553157985, -0.831749022, 0.525501013]
      - - [0.00214, 0.0462189987, 0.998417974, -2.33638811]
        - [-0.240931004, -0.968864024, 0.0453599989, 6.74249315]
        - [0.970037997, -0.240756005, 0.00909100007, 1.22882998]
    - - - [0.993966997, -0.101395003, 0.0222619995, -9.43425083]
        - [-0.0967750028, -0.826426029, 0.553471029, 6.06543016]
        - [-0.0377250016, -0.552736998, -0.831758976, 0.576125026]
      - - [0.00328300009, 0.0435339995, 0.998547018, -2.31303596]
        - [-0.242853999, -0.968529999, 0.0430160016, 6.727736]
        - [0.969545007, -0.242762998, 0.00744100008, 1.24473]
    - - - [0.993956029, -0.102937996, 0.0155389998, -9.41191959]
        - [-0.0943339989, -0.82643801, 0.553902984, 6.03508377]
        - [-0.0441780016, -0.552460015, -0.831650972, 0.627501011]
      - - [0.00437200023, 0.0409430005, 0.998683989, -2.28943801]
        - [-0.244843006, -0.968204021, 0.0407629982, 6.71342182]
        - [0.969051003, -0.244831994, 0.00585199986, 1.26099396]
    - - - [0.993916988, -0.104434997, 0.00857399963, -9.38944244]
        - [-0.0916899964, -0.826362014, 0.554468989, 6.00474215]
        - [-0.0508270003, -0.552305996, -0.831390977, 0.67959702]
      - - [0.00541000022, 0.0384339988, 0.998777986, -2.26562405]
        - [-0.246877, -0.967791021, 0.0385949984, 6.69971085]
        - [0.968536019, -0.246930003, 0.00431500003, 1.27750695]
    - - - [0.993830979, -0.105885997, 0.001346, -9.36663914]
        - [-0.0888449997, -0.826225996, 0.555163026, 5.9743371]
        - [-0.0576869994, -0.552286029, -0.830989003, 0.732455015]
      - - [0.00640999991, 0.0360109992, 0.99883002, -2.24157]
        - [-0.248940006, -0.967330992, 0.0364990011, 6.68653917]
        - [0.968010008, -0.249057993, 0.00282300008, 1.29427302]
    - - - [0.993660986, -0.107299998, -0.00617199996, -9.34313202]
        - [-0.0857990012, -0.826032996, 0.555998981, 5.94378281]
        - [-0.0647649989, -0.552358985, -0.830422997, 0.786041021]
      - - [0.00737700006, 0.0336680003, 0.998834014, -2.21719909]
        - [-0.251015007, -0.966780007, 0.0344699994, 6.67380285]
        - [0.967378974, -0.251170009, 0.00136899995, 1.311239]
    - - - [0.993420005, -0.108616002, -0.0139819998, -9.31896496]
        - [-0.0824839994, -0.825734973, 0.556900978, 5.9126339]
        - [-0.0721020028, -0.552491009, -0.829683006, 0.840722024]
      - - [0.0083259996, 0.0313979983, 0.998853028, -2.1925621]
        - [-0.253105015, -0.966253996, 0.032517001, 6.66151285]
        - [0.966769993, -0.253286988, -6.50000002e-05, 1.32850897]
    - - - [0.993111014, -0.109962001, -0.022078, -9.29442692]
        - [-0.079005003, -0.825313985, 0.557958007, 5.88187885]
        - [-0.0796599984, -0.552784026, -0.828770995, 0.896032989]
      - - [0.00924499985, 0.0292080007, 0.998897016, -2.16770291]
        - [-0.25524801, -0.965717018, 0.0306369998, 6.64974213]
        - [0.966172993, -0.255448997, -0.00143499998, 1.34599197]
    - - - [0.992751002, -0.111288004, -0.0304170009, -9.26959419]
        - [-0.0753370002, -0.824779987, 0.559193015, 5.85131121]
        - [-0.0873859972, -0.553260982, -0.827678978, 0.951757014]
      - - [0.0101269996, 0.0271109995, 0.998965025, -2.14256692]
        - [-0.257470995, -0.965162992, 0.0288420003, 6.63851786]
        - [0.965582013, -0.257687002, -0.00273100007, 1.36371696]
    - - - [0.992326021, -0.112586997, -0.0389910005, -9.24440098]
        - [-0.0714820027, -0.82417202, 0.56060499, 5.82080507]
        - [-0.0952910036, -0.553914011, -0.826409996, 1.00798297]
      - - [0.0109569998, 0.0251080003, 0.999046981, -2.11716294]
        - [-0.259775013, -0.964623988, 0.0271269996, 6.62777901]
        - [0.964998007, -0.260001987, -0.00396700017, 1.38165605]
    - - - [0.991738975, -0.113843001, -0.0478119999, -9.21856403]
        - [-0.0674410015, -0.823459029, 0.562111974, 5.7902751]
        - [-0.103354998, -0.554693997, -0.824846983, 1.06475997]
      - - [0.0117349997, 0.0232040007, 0.99912101, -2.09141898]
        - [-0.262143999, -0.964084029, 0.0254800003, 6.61753893]
        - [0.96438098, -0.262385011, -0.00514200004, 1.39970803]
    - - - [0.991083026, -0.115064003, -0.0568520017, -9.19250774]
        - [-0.0631960034, -0.822646976, 0.563740015, 5.75965786]
        - [-0.111613996, -0.555613995, -0.823099017, 1.12229598]
      - - [0.0124559999, 0.0213910006, 0.999140024, -2.06550407]
        - [-0.264557004, -0.963407993, 0.0239000004, 6.60773516]
        - [0.963675976, -0.264798999, -0.00625200011, 1.417992]
    - - - [0.990351975, -0.116241999, -0.0661069974, -9.16619873]
        - [-0.0587389991, -0.821727991, 0.56546402, 5.7288909]
        - [-0.120072998, -0.556653976, -0.821156979, 1.18065703]
      - - [0.0131179998, 0.0196579993, 0.999152005, -2.039433]
        - [-0.267031014, -0.962743998, 0.0223939996, 6.59834623]
        - [0.962972999, -0.267282009, -0.00729699992, 1.43648195]
    - - - [0.989560008, -0.117400996, -0.0756110027, -9.1398344]
        - [-0.0540720001, -0.820774972, 0.567313015, 5.69787979]
        - [-0.128702, -0.557838023, -0.819073021, 1.23958099]
      - - [0.0137200002, 0.0180009995, 0.999194026, -2.01322389]
        - [-0.26957199, -0.962105989, 0.0209630001, 6.58934212]
        - [0.962297022, -0.269832999, -0.00827000011, 1.45513701]
    - - - [0.988641024, -0.118533, -0.085363999, -9.1128664]
        - [-0.0491870008, -0.819793999, 0.569275022, 5.66652679]
        - [-0.137487993, -0.559117973, -0.816802979, 1.29892397]
      - - [0.0142599996, 0.0164020006, 0.999195993, -1.98678398]
        - [-0.272170007, -0.961493015, 0.0196160004, 6.58070278]
        - [0.961582005, -0.272430986, -0.00916799996, 1.47377205]
    - - - [0.987635016, -0.119649, -0.0953679979, -9.08577347]
        - [-0.0440710001, -0.818756998, 0.57130599, 5.63496304]
        - [-0.146431997, -0.560485005, -0.814348996, 1.358724]
      - - [0.0147360004, 0.0148769999, 0.999229014, -1.96025705]
        - [-0.274794996, -0.960789025, 0.0183300003, 6.57258892]
        - [0.960781991, -0.275052994, -0.00999500044, 1.49240899]
    - - - [0.986494005, -0.120774001, -0.105630003, -9.05827713]
        - [-0.0387509987, -0.817597985, 0.573303998, 5.60335493]
        - [-0.155671, -0.561857998, -0.811685979, 1.42027497]
      - - [0.0151439998, 0.0134230005, 0.999234974, -1.93363297]
        - [-0.277451992, -0.960000992, 0.0170929991, 6.56491423]
        - [0.959978998, -0.277700007, -0.0107490001, 1.51116395]
    - - - [0.985175014, -0.121822, -0.116083004, -9.03041553]
        - [-0.033179, -0.816392004, 0.575371981, 5.57103586]
        - [-0.164969996, -0.563404024, -0.808759987, 1.48182201]
      - - [0.0155170001, 0.012054, 0.999273002, -1.906811]
        - [-0.280155987, -0.959244013, 0.015927, 6.55757999]
        - [0.959218979, -0.280396998, -0.0114430003, 1.53000498]
    - - - [0.983687997, -0.122879997, -0.126783997, -9.00151157]
        - [-0.0274219997, -0.815099001, 0.577539027, 5.53884602]
        - [-0.174390003, -0.565077007, -0.805562973, 1.54357195]
      - - [0.0158900004, 0.0107779996, 0.999278009, -1.87951398]
        - [-0.282867998, -0.958491027, 0.014827, 6.55077219]
        - [0.958425999, -0.283107013, -0.0120799998, 1.548715]
    - - - [0.982051015, -0.123971999, -0.137718007, -8.97202015]
        - [-0.0214590002, -0.81369698, 0.579792023, 5.50644302]
        - [-0.183932006, -0.566897988, -0.802156985, 1.605757]
      - - [0.0162300002, 0.00958800036, 0.999315023, -1.85205197]
        - [-0.285580993, -0.957696974, 0.0138010001, 6.54429102]
        - [0.957612991, -0.28580901, -0.0126809999, 1.56758904]
    - - - [0.980256975, -0.125051007, -0.148791999, -8.94187164]
        - [-0.0152730001, -0.812097013, 0.58206898, 5.47379589]
        - [-0.193666995, -0.568787992, -0.79845202, 1.66910398]
      - - [0.0165190008, 0.00846999977, 0.999261022, -1.82445598]
        - [-0.288278013, -0.956809998, 0.0128560001, 6.53812695]
        - [0.956728995, -0.28847599, -0.0132449996, 1.58660495]
    - - - [0.978362978, -0.126160994, -0.160083994, -8.91162777]
        - [-0.00888799969, -0.810456991, 0.584461987, 5.44094181]
        - [-0.203537002, -0.570836008, -0.794559002, 1.73305202]
      - - [0.0167689994, 0.00742899999, 0.999239028, -1.79672599]
        - [-0.290980011, -0.955983996, 0.0119780004, 6.532269]
        - [0.955905974, -0.291153997, -0.0137529997, 1.60578203]
    - - - [0.976282001, -0.127305999, -0.171577007, -8.88124847]
        - [-0.00230300007, -0.808781028, 0.586915016, 5.40777922]
        - [-0.213515997, -0.573041975, -0.790408015, 1.79767895]
      - - [0.016973, 0.00646300009, 0.999265015, -1.76888299]
        - [-0.293684989, -0.955223978, 0.0111609995, 6.52670717]
        - [0.955165029, -0.293835014, -0.0142019996, 1.62511694]
    - - - [0.97400701, -0.128455997, -0.183230996, -8.85036755]
        - [0.00448000012, -0.806999981, 0.589385986, 5.37448883]
        - [-0.223633006, -0.575362027, -0.785966992, 1.86318004]
      - - [0.0171130002, 0.00558400014, 0.999309003, -1.74090302]
        - [-0.296337992, -0.954397023, 0.0103879999, 6.52150679]
        - [0.954375029, -0.29648, -0.0145969996, 1.644557]
    - - - [0.971547008, -0.129611, -0.195030004, -8.81882286]
        - [0.0114669995, -0.805104017, 0.591888011, 5.3410058]
        - [-0.233886003, -0.577755988, -0.781233013, 1.92948794]
      - - [0.0171889998, 0.00475999992, 0.999315977, -1.71277106]
        - [-0.29895401, -0.953588009, 0.00968299992, 6.51660824]
        - [0.953544974, -0.299082994, -0.0149189997, 1.66396999]
    - - - [0.968905985, -0.130785003, -0.207021996, -8.78664875]
        - [0.0186359994, -0.803164005, 0.594456017, 5.30743694]
        - [-0.244222999, -0.580251992, -0.776224971, 1.99613798]
      - - [0.0172010008, 0.00401199982, 0.999293983, -1.68439806]
        - [-0.301535994, -0.952848971, 0.00901599973, 6.5120492]
        - [0.95272398, -0.301654011, -0.0151620004, 1.68328404]
    - - - [0.96609199, -0.131956995, -0.219176993, -8.75411606]
        - [0.0260400008, -0.801129997, 0.597091019, 5.27340984]
        - [-0.254559994, -0.582920015, -0.770953, 2.06260109]
      - - [0.0171450004, 0.00334700011, 0.999270022, -1.65595698]
        - [-0.304066002, -0.952139974, 0.00840300042, 6.50784016]
        - [0.951976001, -0.304167002, -0.015315, 1.70270503]
    - - - [0.962940991, -0.133188993, -0.231448993, -8.72074032]
        - [0.0336380005, -0.798852026, 0.599565983, 5.23957014]
        - [-0.265004009, -0.585609972, -0.765232027, 2.13044405]
      - - [0.0170220006, 0.00274799997, 0.999264002, -1.62744999]
        - [-0.306555986, -0.951267004, 0.00783300027, 6.50408506]
        - [0.951111972, -0.306641996, -0.0153829996, 1.72208703]
    - - - [0.959652007, -0.134459004, -0.243901998, -8.68708801]
        - [0.0414730012, -0.796491027, 0.602147996, 5.20550108]
        - [-0.275498003, -0.588497996, -0.759256005, 2.19882488]
      - - [0.0168520007, 0.00223900005, 0.999222994, -1.59876096]
        - [-0.309060991, -0.950429976, 0.00733899977, 6.50066519]
        - [0.950239003, -0.309163004, -0.0153580001, 1.74156201]
    - - - [0.956202984, -0.135776997, -0.256556004, -8.65305233]
        - [0.0495180003, -0.794036984, 0.604767025, 5.171381]
        - [-0.286002994, -0.591506004, -0.753026009, 2.26739097]
      - - [0.0166490003, 0.00181599997, 0.999221981, -1.56989002]
        - [-0.311580986, -0.949604988, 0.00691299979, 6.49762583]
        - [0.949413002, -0.311706007, -0.0152279995, 1.76102698]
    - - - [0.952570021, -0.137110993, -0.269313008, -8.61854553]
        - [0.0577719994, -0.791477025, 0.607327998, 5.13691282]
        - [-0.296600014, -0.594556987, -0.746518016, 2.33695412]
      - - [0.0163829997, 0.00148199999, 0.999266982, -1.54094505]
        - [-0.314098001, -0.948773026, 0.00655299984, 6.49484015]
        - [0.948607028, -0.314238995, -0.0150260003, 1.78059196]
    - - - [0.948614001, -0.138478994, -0.282144994, -8.58337975]
        - [0.0662180036, -0.788872004, 0.609736979, 5.10191917]
        - [-0.307238013, -0.597607017, -0.739683986, 2.40740299]
      - - [0.0160390008, 0.00123299996, 0.999292016, -1.51193595]
        - [-0.316588014, -0.947852015, 0.00625899993, 6.492311]
        - [0.947766006, -0.316707999, -0.0147639997, 1.80017996]
    - - - [0.944409013, -0.139895007, -0.295139015, -8.54717159]
        - [0.0748099983, -0.786306024, 0.612049997, 5.06675386]
        - [-0.317894012, -0.600630999, -0.732647002, 2.47785091]
      - - [0.0156430006, 0.00108099997, 0.999288023, -1.48268998]
        - [-0.319052994, -0.94700098, 0.00600499986, 6.490098]
        - [0.946950972, -0.319148988, -0.0144220004, 1.81958699]
    - - - [0.939984977, -0.141369, -0.308277011, -8.51036453]
        - [0.0835459977, -0.78373301, 0.614166021, 5.03126097]
        - [-0.328597993, -0.603581011, -0.725455999, 2.54868293]
      - - [0.0151899997, 0.00098500005, 0.999287009, -1.45345104]
        - [-0.321476996, -0.946226001, 0.00582600012, 6.4881382]
        - [0.946183026, -0.321548015, -0.0139969997, 1.83897805]
    - - - [0.935319006, -0.142877996, -0.321503013, -8.47315884]
        - [0.0923999995, -0.781211019, 0.616024971, 4.99533796]
        - [-0.339379996, -0.60640502, -0.718084991, 2.62030292]
      - - [0.0146730002, 0.000969999994, 0.999333024, -1.42423296]
        - [-0.323810995, -0.945407987, 0.00569499983, 6.48640299]
        - [0.945385993, -0.323855013, -0.0135000004, 1.85839999]
    - - - [0.930346012, -0.144448996, -0.33484599, -8.43545246]
        - [0.101351, -0.778863013, 0.617622972, 4.95885706]
        - [-0.350189, -0.609085023, -0.710566998, 2.69225001]
      - - [0.0140969995, 0.00102600001, 0.99931699, -1.39499605]
        - [-0.326052994, -0.944658995, 0.00561100012, 6.48488092]
        - [0.944568992, -0.326077998, -0.0129220001, 1.87774706]
    - - - [0.925166011, -0.146114007, -0.34841001, -8.39781857]
        - [0.110404, -0.776709974, 0.618960977, 4.92206812]
        - [-0.361167014, -0.611582994, -0.702996016, 2.76492]
      - - [0.0134340003, 0.001146, 0.999289989, -1.36590302]
        - [-0.328184992, -0.943960011, 0.0055470001, 6.48363209]
        - [0.943881989, -0.328191012, -0.0122290002, 1.89714801]
    - - - [0.91981101, -0.147755995, -0.361979991, -8.35963631]
        - [0.119563997, -0.774554014, 0.620049, 4.88477802]
        - [-0.372168988, -0.613952994, -0.695259988, 2.83812499]
      - - [0.0127229998, 0.00136899995, 0.999320984, -1.33677399]
        - [-0.330265999, -0.943297029, 0.00555999996, 6.48259592]
        - [0.943260014, -0.330256999, -0.0114529999, 1.91651297]
    - - - [0.913978994, -0.149444997, -0.375627995, -8.31965256]
        - [0.128852993, -0.772349, 0.620890021, 4.84724379]
        - [-0.383040011, -0.61628598, -0.687134027, 2.91084695]
      - - [0.0119070001, 0.00172599999, 0.999319971, -1.30736601]
        - [-0.332264006, -0.942552984, 0.00562899979, 6.48194981]
        - [0.942498982, -0.332233012, -0.0105539998, 1.93550801]
    - - - [0.907893002, -0.151170999, -0.389380991, -8.2790041]
        - [0.138275996, -0.770195007, 0.621578991, 4.80941486]
        - [-0.393934011, -0.618623018, -0.67881, 2.98387694]
      - - [0.0110010002, 0.00220300001, 0.999330997, -1.27786696]
        - [-0.334217995, -0.941851974, 0.00575499982, 6.48159599]
        - [0.941817999, -0.334201992, -0.00955300033, 1.954458]
    - - - [0.901560009, -0.152900994, -0.403149009, -8.23749733]
        - [0.147828996, -0.768009007, 0.622026026, 4.77113295]
        - [-0.404900998, -0.620833993, -0.670252979, 3.05773711]
      - - [0.0100229997, 0.0027689999, 0.999363005, -1.24834204]
        - [-0.336149991, -0.941209018, 0.00595200015, 6.48141813]
        - [0.941209018, -0.33614701, -0.00846000016, 1.97336495]
    - - - [0.894906998, -0.154689997, -0.416960001, -8.19538307]
        - [0.157478005, -0.765893996, 0.622200012, 4.73239279]
        - [-0.415861011, -0.622925997, -0.661487997, 3.13194203]
      - - [0.0089809997, 0.00338999997, 0.999334991, -1.21880496]
        - [-0.338021994, -0.940506995, 0.00624000002, 6.48148012]
        - [0.940512002, -0.338007003, -0.00728699984, 1.99208403]
    - - - [0.887979984, -0.156546995, -0.430858999, -8.15298939]
        - [0.16719, -0.763948023, 0.622119009, 4.69323206]
        - [-0.426829994, -0.624916017, -0.652593017, 3.20642805]
      - - [0.00790300034, 0.00408799993, 0.99929899, -1.18926001]
        - [-0.339823991, -0.93978399, 0.00657999981, 6.48172903]
        - [0.939764977, -0.339821011, -0.00605100021, 2.01076007]
    - - - [0.880747974, -0.158454999, -0.444821, -8.10950184]
        - [0.176919997, -0.762049019, 0.621680021, 4.65398598]
        - [-0.437806994, -0.626695991, -0.643580019, 3.28093505]
      - - [0.00680800015, 0.00485600019, 0.999312997, -1.15971005]
        - [-0.341614008, -0.939134002, 0.00696399994, 6.48215008]
        - [0.939112008, -0.341621011, -0.00476700021, 2.02937698]
    - - - [0.873118997, -0.160385996, -0.458786011, -8.06445885]
        - [0.186618999, -0.76029402, 0.620858014, 4.61488485]
        - [-0.448760003, -0.628208995, -0.63438499, 3.35523796]
      - - [0.00573199987, 0.00569299981, 0.999285996, -1.129933]
        - [-0.343369007, -0.938524008, 0.00737300003, 6.482934]
        - [0.938455999, -0.343380988, -0.00343700009, 2.04755902]
    - - - [0.865176976, -0.162378997, -0.472797006, -8.01916504]
        - [0.196285993, -0.758817017, 0.619679987, 4.57547283]
        - [-0.459737986, -0.629517972, -0.625126004, 3.42989206]
      - - [0.00466600014, 0.00657999981, 0.999274015, -1.10022497]
        - [-0.345070988, -0.937857985, 0.0078189997, 6.48389196]
        - [0.937821984, -0.345090985, -0.00209999993, 2.06570792]
    - - - [0.856992006, -0.164422005, -0.486918002, -7.973598]
        - [0.205923006, -0.757624984, 0.618152022, 4.53588104]
        - [-0.470849991, -0.630555987, -0.615867019, 3.50529599]
      - - [0.00364800007, 0.00749300001, 0.999306977, -1.07054603]
        - [-0.346724987, -0.937189996, 0.0082949996, 6.48507404]
        - [0.937237978, -0.346758008, -0.000797000015, 2.08389807]
    - - - [0.848522007, -0.166461006, -0.50098598, -7.9274869]
        - [0.215485007, -0.756609976, 0.616221011, 4.49618292]
        - [-0.482003987, -0.631332994, -0.606517971, 3.58105206]
      - - [0.00258399989, 0.00846000016, 0.999369979, -1.04101801]
        - [-0.348370999, -0.936587989, 0.00882100035, 6.4863658]
        - [0.936720014, -0.34841001, 0.000578999985, 2.10191393]
    - - - [0.839634001, -0.168569997, -0.515080988, -7.8803339]
        - [0.224993005, -0.755751014, 0.613898993, 4.45620108]
        - [-0.493081003, -0.63193202, -0.597046018, 3.65653706]
      - - [0.00144899997, 0.00947999954, 0.999373972, -1.01155496]
        - [-0.349969, -0.936053991, 0.00939700007, 6.48780489]
        - [0.936185002, -0.350028008, 0.00205200003, 2.11981392]
    - - - [0.830416024, -0.170675993, -0.529205978, -7.83193111]
        - [0.234441996, -0.755019009, 0.611266971, 4.41636801]
        - [-0.504101992, -0.632224977, -0.587390006, 3.7315259]
      - - [0.000257000007, 0.0105609996, 0.999325991, -0.982015014]
        - [-0.351503998, -0.935465991, 0.00999000017, 6.48958111]
        - [0.935521007, -0.351559997, 0.00358700007, 2.13723493]
    - - - [0.820818007, -0.172745004, -0.543214977, -7.78219604]
        - [0.243826002, -0.754372001, 0.608242989, 4.37645578]
        - [-0.515133977, -0.632245004, -0.577511013, 3.80707312]
      - - [-0.000980000012, 0.0116809998, 0.999271989, -0.952499986]
        - [-0.353017002, -0.934854984, 0.0105990004, 6.49155617]
        - [0.934840977, -0.353035986, 0.00515200011, 2.15439105]
    - - - [0.810877979, -0.174835995, -0.557187021, -7.73191786]
        - [0.253161013, -0.753931999, 0.604902029, 4.3361578]
        - [-0.526165009, -0.632100999, -0.567493021, 3.88312101]
      - - [-0.00223500002, 0.0128180003, 0.999266982, -0.923098028]
        - [-0.354541987, -0.934291005, 0.0112180002, 6.49363899]
        - [0.93425101, -0.354505986, 0.00673499983, 2.17147207]
    - - - [0.800675988, -0.176964, -0.571211994, -7.68120384]
        - [0.262454987, -0.753700972, 0.601315975, 4.29569578]
        - [-0.537223995, -0.631815016, -0.557415009, 3.95933509]
      - - [-0.00348099996, 0.0139619997, 0.999328017, -0.893805981]
        - [-0.356081009, -0.933785021, 0.0118300002, 6.49584103]
        - [0.93375802, -0.355991989, 0.00831799954, 2.18848205]
    - - - [0.790054023, -0.179101005, -0.58515197, -7.62922287]
        - [0.271627992, -0.753566027, 0.597325981, 4.255373]
        - [-0.548228979, -0.631350994, -0.547155023, 4.03576612]
      - - [-0.00472000008, 0.0150910001, 0.999382973, -0.864633977]
        - [-0.357585996, -0.933216989, 0.0124340001, 6.49826622]
        - [0.933242023, -0.357468992, 0.00986099988, 2.20534897]
    - - - [0.779075027, -0.181213006, -0.598993003, -7.57623196]
        - [0.280703008, -0.753588021, 0.593016028, 4.21498489]
        - [-0.559222996, -0.630698025, -0.536697984, 4.11273384]
      - - [-0.00591599988, 0.0161739998, 0.999333978, -0.83554101]
        - [-0.359070987, -0.932570994, 0.0130270002, 6.50083494]
        - [0.932650983, -0.358913988, 0.0113580003, 2.22190905]
    - - - [0.767790973, -0.183322996, -0.612828016, -7.5223031]
        - [0.289707989, -0.753835022, 0.588500977, 4.17461395]
        - [-0.570214987, -0.629875004, -0.526111007, 4.18971586]
      - - [-0.00704000005, 0.017221, 0.99919498, -0.806443989]
        - [-0.360556006, -0.93196702, 0.0135700004, 6.50355387]
        - [0.931995988, -0.360374004, 0.012786, 2.23810601]
    - - - [0.75612998, -0.185443997, -0.626519978, -7.467484]
        - [0.298563004, -0.754208982, 0.583606005, 4.13404608]
        - [-0.581084013, -0.628813982, -0.515294015, 4.26698399]
      - - [-0.00803100038, 0.0181649998, 0.999126971, -0.777405977]
        - [-0.362102985, -0.931370974, 0.0140549997, 6.5064249]
        - [0.931389987, -0.361903012, 0.0140840001, 2.25414205]
    - - - [0.744121015, -0.187507004, -0.640105009, -7.41159582]
        - [0.307301015, -0.754670024, 0.578328013, 4.09345198]
        - [-0.591907978, -0.627542973, -0.504328012, 4.34460306]
      - - [-0.00901599973, 0.0191060007, 0.999131978, -0.748611987]
        - [-0.363647014, -0.930778027, 0.0145300003, 6.50940323]
        - [0.930823982, -0.363433003, 0.0153710004, 2.27009106]
    - - - [0.731857002, -0.189502999, -0.653659999, -7.35514307]
        - [0.315943986, -0.755338013, 0.572758019, 4.05273294]
        - [-0.602701008, -0.626110017, -0.493333012, 4.42218781]
      - - [-0.0100029996, 0.0200479999, 0.999212027, -0.719980001]
        - [-0.36520499, -0.930157006, 0.0149999997, 6.51251078]
        - [0.93026799, -0.364982009, 0.0166469999, 2.28599501]
    - - - [0.719155014, -0.191437006, -0.667011976, -7.29746723]
        - [0.324420989, -0.756236017, 0.566845, 4.01192379]
        - [-0.613312006, -0.624539971, -0.482140005, 4.49963379]
      - - [-0.0109740002, 0.0209660009, 0.999213994, -0.691426992]
        - [-0.366775006, -0.929570019, 0.0154710002, 6.51584101]
        - [0.929647028, -0.366535008, 0.0179159995, 2.30148911]
    - - - [0.706131995, -0.193326995, -0.680260003, -7.23849392]
        - [0.332801014, -0.757300019, 0.560736001, 3.97134399]
        - [-0.623845994, -0.62282002, -0.470806003, 4.57670498]
      - - [-0.0119139999, 0.0218700003, 0.999149978, -0.662881017]
        - [-0.368355989, -0.928987026, 0.0159280002, 6.51943302]
        - [0.928983986, -0.368075013, 0.0191690009, 2.31649399]
    - - - [0.692817986, -0.195146993, -0.693274975, -7.17851114]
        - [0.341024011, -0.758332014, 0.554310024, 3.9308269]
        - [-0.634308994, -0.620909989, -0.459176987, 4.65464306]
      - - [-0.0128319999, 0.0227499995, 0.999086976, -0.634532988]
        - [-0.369937003, -0.928349018, 0.0163739994, 6.52311611]
        - [0.928366005, -0.369614005, 0.020389, 2.3313899]
    - - - [0.679095984, -0.197024003, -0.706098974, -7.11736679]
        - [0.349070996, -0.759375989, 0.547599971, 3.89063406]
        - [-0.644541025, -0.618893981, -0.447283, 4.73221016]
      - - [-0.0137240002, 0.0235970002, 0.999054015, -0.606399]
        - [-0.371481001, -0.927604973, 0.0168149993, 6.5270381]
        - [0.927699029, -0.371120006, 0.0215620007, 2.34602594]
    - - - [0.665118992, -0.198966995, -0.718850017, -7.05568886]
        - [0.357050002, -0.760523975, 0.540820003, 3.85050511]
        - [-0.654735029, -0.61687398, -0.435193986, 4.8101511]
      - - [-0.0145720001, 0.0244159997, 0.999059021, -0.578444004]
        - [-0.373030007, -0.92692101, 0.0172359999, 6.53099012]
        - [0.927093029, -0.372649014, 0.0226920005, 2.36053801]
    - - - [0.650736988, -0.200963005, -0.731359005, -6.99251413]
        - [0.364899009, -0.76175499, 0.533946991, 3.8106091]
        - [-0.66474402, -0.614827991, -0.42276299, 4.88812923]
      - - [-0.0153679997, 0.0251969993, 0.998948991, -0.550532997]
        - [-0.374570012, -0.926293015, 0.0176359992, 6.53502798]
        - [0.926392972, -0.374137998, 0.0237659998, 2.374475]
    - - - [0.636025012, -0.203013003, -0.743601024, -6.92804289]
        - [0.37262401, -0.762938976, 0.526970983, 3.7711041]
        - [-0.67464602, -0.612764001, -0.409943014, 4.96690798]
      - - [-0.0161060002, 0.0259390008, 0.998853981, -0.522763014]
        - [-0.376109004, -0.925719976, 0.0180159993, 6.53908491]
        - [0.92572099, -0.375613987, 0.0247760005, 2.3881011]
    - - - [0.621038973, -0.205173999, -0.755657971, -6.86243296]
        - [0.380277008, -0.764010012, 0.519922972, 3.73154092]
        - [-0.684396982, -0.610624015, -0.396733999, 5.04614305]
      - - [-0.0167849995, 0.0266249999, 0.998840988, -0.495090008]
        - [-0.377604008, -0.925090015, 0.0183680002, 6.54310703]
        - [0.925032973, -0.377057999, 0.0256830007, 2.40158796]
    - - - [0.605575025, -0.207519993, -0.767385006, -6.79527998]
        - [0.387740999, -0.764986992, 0.512745976, 3.69269204]
        - [-0.693844974, -0.608529985, -0.383105993, 5.12541199]
      - - [-0.0174199995, 0.0272780005, 0.998880029, -0.467718005]
        - [-0.379105002, -0.924484015, 0.0186930001, 6.54723883]
        - [0.924431026, -0.37854901, 0.0265229996, 2.41490602]
    - - - [0.589814007, -0.209971994, -0.778954983, -6.72715998]
        - [0.395146996, -0.76601702, 0.505577981, 3.654109]
        - [-0.703198016, -0.606453001, -0.36916101, 5.20503998]
      - - [-0.0179839991, 0.0278810002, 0.998887002, -0.440490991]
        - [-0.380632013, -0.923852026, 0.0189670008, 6.55142784]
        - [0.923861027, -0.380091012, 0.0273039993, 2.42794299]
    - - - [0.573697984, -0.212448999, -0.790202975, -6.65736198]
        - [0.402417988, -0.767028987, 0.49831, 3.61599493]
        - [-0.712369025, -0.604318023, -0.354829013, 5.2850008]
      - - [-0.0184889995, 0.0284119993, 0.998764992, -0.413385987]
        - [-0.382182002, -0.923240006, 0.0192079991, 6.55568695]
        - [0.923184991, -0.381612986, 0.0280130003, 2.440418]
    - - - [0.55726999, -0.214992002, -0.801195979, -6.58687687]
        - [0.409548014, -0.768087029, 0.49090299, 3.57778692]
        - [-0.721319973, -0.602164984, -0.340162992, 5.36551189]
      - - [-0.0189500004, 0.0288810004, 0.998718977, -0.386521012]
        - [-0.383724004, -0.922599971, 0.0194150005, 6.55995607]
        - [0.922514021, -0.383139014, 0.0286420006, 2.45278192]
    - - - [0.540552974, -0.217599005, -0.812017024, -6.51540709]
        - [0.416561991, -0.769132972, 0.483366996, 3.53977704]
        - [-0.730086982, -0.599951982, -0.325273991, 5.44591999]
      - - [-0.0193709992, 0.0292840004, 0.998739004, -0.359910011]
        - [-0.385266006, -0.921953022, 0.0195870008, 6.5642271]
        - [0.921894014, -0.384658992, 0.0291900001, 2.46503901]
    - - - [0.52343899, -0.220201999, -0.822449028, -6.44216824]
        - [0.423417002, -0.770210981, 0.475639999, 3.50180197]
        - [-0.738546014, -0.597635984, -0.31011799, 5.52619219]
      - - [-0.0197400004, 0.0296289995, 0.998793006, -0.333492011]
        - [-0.386804998, -0.921352983, 0.0197129995, 6.56852293]
        - [0.921338975, -0.386168003, 0.0296650007, 2.47705102]
    - - - [0.505995989, -0.222718999, -0.832493007, -6.36687517]
        - [0.430128992, -0.771327972, 0.467750013, 3.46406507]
        - [-0.746752024, -0.595166981, -0.29468599, 5.60623693]
      - - [-0.0200490002, 0.0299180001, 0.998789012, -0.30715999]
        - [-0.388318002, -0.920817018, 0.0197819993, 6.57290077]
        - [0.920746982, -0.387620986, 0.0300639998, 2.48851109]
    - - - [0.488341987, -0.225202993, -0.842351019, -6.29110098]
        - [0.43670401, -0.772551, 0.459704012, 3.42626905]
        - [-0.754774988, -0.592638016, -0.279076993, 5.68644094]
      - - [-0.0203029998, 0.0301179998, 0.998762012, -0.281087011]
        - [-0.389773995, -0.920297027, 0.0198250003, 6.57734919]
        - [0.920172989, -0.389016002, 0.0304000005, 2.49971294]
    - - - [0.470376015, -0.227638006, -0.851875007, -6.21433115]
        - [0.44303599, -0.773854971, 0.451380998, 3.38843489]
        - [-0.76245302, -0.590026021, -0.263282001, 5.76644802]
      - - [-0.0205150004, 0.0302399993, 0.998771012, -0.255257994]
        - [-0.39110899, -0.919681013, 0.0198289994, 6.58186483]
        - [0.91960597, -0.390334994, 0.0306589995, 2.51078606]
    - - - [0.452140003, -0.230014995, -0.861160994, -6.1362052]
        - [0.449185014, -0.775232971, 0.442889988, 3.35124707]
        - [-0.769877017, -0.587333024, -0.247392997, 5.84553719]
      - - [-0.0206589997, 0.0302959997, 0.998808026, -0.229548007]
        - [-0.392354012, -0.91911602, 0.0197870005, 6.58659983]
        - [0.919095993, -0.391588002, 0.0308599994, 2.5214951]
    - - - [0.433580011, -0.232299, -0.869971991, -6.056005]
        - [0.455081999, -0.776655972, 0.434219986, 3.31477308]
        - [-0.776968002, -0.584518015, -0.231233001, 5.92434502]
      - - [-0.0207470004, 0.0303010009, 0.99881202, -0.203948006]
        - [-0.393545002, -0.918597996, 0.0196780004, 6.59143877]
        - [0.918564022, -0.392805994, 0.0309880003, 2.53161097]
    - - - [0.414781988, -0.234681994, -0.878369987, -5.97467089]
        - [0.460817993, -0.778060019, 0.425485998, 3.27864408]
        - [-0.783758998, -0.581604004, -0.214765996, 6.00359678]
      - - [-0.0207940005, 0.0302230008, 0.998786986, -0.178630993]
        - [-0.394748002, -0.918111026, 0.0195640009, 6.59628296]
        - [0.917990029, -0.393997997, 0.0310469996, 2.54137802]
    - - - [0.395824999, -0.237130001, -0.886541009, -5.89297485]
        - [0.466407001, -0.779515028, 0.416732013, 3.24303794]
        - [-0.790368021, -0.578667998, -0.198078007, 6.08331013]
      - - [-0.0207940005, 0.0300849993, 0.998829007, -0.153575003]
        - [-0.395953, -0.917632997, 0.0194189996, 6.60112]
        - [0.917505026, -0.395200998, 0.0310389996, 2.55097008]
    - - - [0.376513004, -0.239600003, -0.894222021, -5.80937386]
        - [0.471698999, -0.781009972, 0.407837003, 3.20824099]
        - [-0.796489, -0.575664997, -0.181222007, 6.16195488]
      - - [-0.0207480006, 0.0298950002, 0.998848975, -0.128655002]
        - [-0.397098988, -0.917082012, 0.0192249995, 6.60593319]
        - [0.916949987, -0.396357, 0.0309490003, 2.56010199]
    - - - [0.357030004, -0.241987005, -0.901562989, -5.72458696]
        - [0.476797998, -0.782562971, 0.398862988, 3.17413092]
        - [-0.802384019, -0.572589993, -0.164208993, 6.24051619]
      - - [-0.0206390005, 0.0296449997, 0.998844028, -0.103900999]
        - [-0.398202002, -0.916518986, 0.0189800002, 6.61071301]
        - [0.916426003, -0.397502989, 0.0307919998, 2.56883597]
    - - - [0.337395996, -0.244262993, -0.908501029, -5.63882685]
        - [0.481640011, -0.784147024, 0.389703006, 3.14043093]
        - [-0.807964981, -0.569401979, -0.147060007, 6.31900597]
      - - [-0.0204930007, 0.0293119997, 0.998793006, -0.0794410035]
        - [-0.399269998, -0.915984988, 0.0187100004, 6.61551189]
        - [0.915895998, -0.398613989, 0.0305509996, 2.57723594]
    - - - [0.317600995, -0.246405005, -0.915004015, -5.5520339]
        - [0.486241013, -0.785817981, 0.38033399, 3.10663891]
        - [-0.81319201, -0.566079021, -0.129843995, 6.39720678]
      - - [-0.0203050002, 0.0289009996, 0.998808026, -0.0552599989]
        - [-0.40031901, -0.915497005, 0.0184049997, 6.62020302]
        - [0.915455997, -0.399706006, 0.0302319992, 2.58543992]
    - - - [0.297639012, -0.248331994, -0.921164989, -5.46376991]
        - [0.490635991, -0.787662029, 0.37085101, 3.07315493]
        - [-0.818123996, -0.562638998, -0.112645999, 6.47407103]
      - - [-0.0200580005, 0.0284400005, 0.998771012, -0.0311830007]
        - [-0.401333004, -0.915054023, 0.0180259999, 6.62484312]
        - [0.914990008, -0.400727987, 0.0298289992, 2.59293008]
    - - - [0.277485996, -0.250077009, -0.926928997, -5.37437677]
        - [0.494677991, -0.789637029, 0.361099988, 3.03997302]
        - [-0.822651982, -0.559126019, -0.095540002, 6.5497179]
      - - [-0.0197609998, 0.0279019997, 0.998835027, -0.00735800015]
        - [-0.40230599, -0.914681017, 0.0175989997, 6.6293788]
        - [0.914629996, -0.401733011, 0.0293480009, 2.60019207]
    - - - [0.257313013, -0.251471996, -0.932362974, -5.28457117]
        - [0.498421997, -0.791678011, 0.351042002, 3.00660992]
        - [-0.826915979, -0.555516005, -0.0784690008, 6.62497091]
      - - [-0.0194509998, 0.0272690002, 0.998835027, 0.0160969999]
        - [-0.403165996, -0.914246976, 0.0171460006, 6.63376617]
        - [0.914215982, -0.402626991, 0.0288079996, 2.60710001]
    - - - [0.237045005, -0.252631009, -0.937417984, -5.19330406]
        - [0.501874983, -0.793880999, 0.340797007, 2.97341204]
        - [-0.830914021, -0.551699996, -0.0614439994, 6.69957495]
      - - [-0.019049, 0.0265539996, 0.998827994, 0.0394829996]
        - [-0.403970987, -0.913833976, 0.0166490003, 6.63810921]
        - [0.913834989, -0.40348199, 0.0281569995, 2.61365008]
    - - - [0.216596007, -0.253562987, -0.941956997, -5.10003614]
        - [0.504993021, -0.796267986, 0.330377012, 2.94044995]
        - [-0.834492981, -0.547743976, -0.0444389991, 6.77306509]
      - - [-0.0185669996, 0.0257970002, 0.998813987, 0.0628729984]
        - [-0.404742986, -0.913480997, 0.0161080007, 6.64237785]
        - [0.913452983, -0.404284, 0.0274129994, 2.61964989]
