_sword_blur:
  Attack_Lsword:
    end: 61
    frame_num: 270
    mtx:
    - - - [0.933288991, -0.250762999, 0.25465101, -2.42604899]
        - [0.0270809997, 0.759764016, 0.648607016, 9.34160328]
        - [-0.356433004, -0.59890002, 0.716390014, 10.7843084]
      - - [-0.122764997, 0.400413007, -0.994014978, 1.53220499]
        - [0.213815004, 0.988718987, 0.367500991, 2.9135251]
        - [0.96883899, -0.167492002, -0.207073003, 3.15859604]
    - - - [0.933284998, -0.247486994, 0.257791013, -2.39736509]
        - [0.0208599996, 0.757583976, 0.651350975, 9.39815044]
        - [-0.356862009, -0.602985024, 0.712675989, 10.7704763]
      - - [-0.122566, 0.403017998, -0.993297994, 1.53141105]
        - [0.215414003, 0.987764001, 0.369776011, 2.91738296]
        - [0.968511999, -0.168724, -0.207967997, 3.15774202]
    - - - [0.933296025, -0.244159997, 0.260845989, -2.3687129]
        - [0.0147310002, 0.755394995, 0.654006004, 9.45429707]
        - [-0.357122004, -0.60698998, 0.709115028, 10.7570171]
      - - [-0.122353002, 0.405698001, -0.992546022, 1.530586]
        - [0.217016995, 0.986773014, 0.372125, 2.92123199]
        - [0.968183994, -0.169946998, -0.208867997, 3.15691495]
    - - - [0.933296978, -0.240804002, 0.263821006, -2.3402679]
        - [0.00867300015, 0.753232002, 0.65654099, 9.50977993]
        - [-0.357225001, -0.610939026, 0.705636978, 10.7436476]
      - - [-0.122134, 0.40842101, -0.991773009, 1.52973104]
        - [0.218614995, 0.985760987, 0.374516994, 2.92506695]
        - [0.967857003, -0.171154007, -0.209772006, 3.15611506]
    - - - [0.933317006, -0.237422004, 0.266736001, -2.31208801]
        - [0.0026740001, 0.751112998, 0.658978999, 9.56462193]
        - [-0.357212007, -0.614849985, 0.702238977, 10.730444]
      - - [-0.121914998, 0.411155999, -0.990990996, 1.52884901]
        - [0.220197007, 0.984742999, 0.376922995, 2.92888689]
        - [0.967534006, -0.172340006, -0.210676998, 3.15534091]
    - - - [0.933329999, -0.234028995, 0.269594997, -2.2840879]
        - [-0.00330600003, 0.749038994, 0.661337018, 9.6188612]
        - [-0.357098013, -0.618691981, 0.69887799, 10.7171564]
      - - [-0.121702, 0.413870007, -0.990209997, 1.52794003]
        - [0.221753001, 0.983731985, 0.379310995, 2.93268704]
        - [0.967213988, -0.173497006, -0.211577997, 3.15459299]
    - - - [0.933364987, -0.230623007, 0.272439986, -2.25622892]
        - [-0.00927000027, 0.747003019, 0.663640976, 9.6724968]
        - [-0.356929004, -0.622489989, 0.695571005, 10.7039909]
      - - [-0.121501997, 0.416530997, -0.989444971, 1.52700698]
        - [0.223271996, 0.982743025, 0.381653011, 2.93646598]
        - [0.966899991, -0.174620003, -0.212472007, 3.15387201]
    - - - [0.93344003, -0.227206007, 0.275317013, -2.22845197]
        - [-0.0152240004, 0.744994998, 0.665913999, 9.72552013]
        - [-0.356748015, -0.626266003, 0.692332029, 10.6911306]
      - - [-0.121321999, 0.419108987, -0.988705993, 1.52605104]
        - [0.224744007, 0.981791019, 0.383917004, 2.94021797]
        - [0.966593981, -0.175702006, -0.213357002, 3.15317607]
    - - - [0.933447003, -0.223773003, 0.278266013, -2.2003839]
        - [-0.0211779997, 0.742918015, 0.668138027, 9.77771664]
        - [-0.356530994, -0.629980981, 0.689144015, 10.6784258]
      - - [-0.121169001, 0.421572, -0.988008022, 1.52507305]
        - [0.226159006, 0.980890989, 0.386072993, 2.94394302]
        - [0.966296971, -0.176736996, -0.214229003, 3.15250492]
    - - - [0.933367014, -0.220332995, 0.281251013, -2.17250896]
        - [-0.0271610003, 0.740806997, 0.670234025, 9.82860756]
        - [-0.356319994, -0.633650005, 0.685877979, 10.6654034]
      - - [-0.121045999, 0.423884988, -0.98735702, 1.52407503]
        - [0.227505997, 0.980050027, 0.388087988, 2.94763589]
        - [0.966009974, -0.177717999, -0.215084001, 3.15186]
    - - - [0.933164001, -0.216928005, 0.28431201, -2.14425993]
        - [-0.0332170017, 0.738686025, 0.672235012, 9.87812233]
        - [-0.356137991, -0.637250006, 0.68255198, 10.6521683]
      - - [-0.120950997, 0.426003009, -0.986729026, 1.52306104]
        - [0.228751004, 0.979249001, 0.389921993, 2.95127296]
        - [0.965735972, -0.178618997, -0.215922996, 3.15123701]
    - - - [0.93295002, -0.213523999, 0.287458003, -2.11593199]
        - [-0.0393269993, 0.73655802, 0.674215972, 9.92691135]
        - [-0.355989009, -0.640860021, 0.679221988, 10.6388721]
      - - [-0.120884001, 0.427955002, -0.98614502, 1.52202702]
        - [0.229934007, 0.978501022, 0.391597986, 2.95489597]
        - [0.965469003, -0.179478005, -0.216747001, 3.1506381]
    - - - [0.932770014, -0.210085005, 0.290674001, -2.08759904]
        - [-0.0454789996, 0.734453976, 0.676150978, 9.97495079]
        - [-0.355845988, -0.644448996, 0.675926983, 10.6257057]
      - - [-0.120846003, 0.429805994, -0.985598028, 1.52096403]
        - [0.231059, 0.977787018, 0.393173993, 2.95848203]
        - [0.965196013, -0.180290997, -0.217546999, 3.150033]
    - - - [0.932501972, -0.206597, 0.293965995, -2.05887699]
        - [-0.0516449995, 0.732255995, 0.678007007, 10.0220823]
        - [-0.355655998, -0.647966027, 0.672666013, 10.6125917]
      - - [-0.120832004, 0.431558996, -0.985089004, 1.519876]
        - [0.232131004, 0.977122009, 0.394657999, 2.96203208]
        - [0.964932978, -0.181061, -0.218333006, 3.14945412]
    - - - [0.932263017, -0.203091994, 0.297316015, -2.03018904]
        - [-0.0578389987, 0.730085015, 0.679836988, 10.0686445]
        - [-0.355470985, -0.651484013, 0.669444978, 10.5997028]
      - - [-0.120843999, 0.433216006, -0.984616995, 1.51876199]
        - [0.233153, 0.976507008, 0.396052986, 2.96554804]
        - [0.964679003, -0.181787997, -0.219106004, 3.14890289]
    - - - [0.931895971, -0.199594006, 0.30064401, -2.00175405]
        - [-0.0640709996, 0.72794199, 0.681550026, 10.114233]
        - [-0.355217993, -0.654962003, 0.66613102, 10.5862398]
      - - [-0.120883003, 0.434776992, -0.984183013, 1.51761997]
        - [0.234126002, 0.975939989, 0.397359014, 2.9690311]
        - [0.964434028, -0.182474002, -0.219868004, 3.14838004]
    - - - [0.931545019, -0.196098998, 0.304003, -1.97345603]
        - [-0.0703189969, 0.725817978, 0.683242977, 10.1592903]
        - [-0.354961008, -0.658438027, 0.662836015, 10.5728645]
      - - [-0.120948002, 0.436244994, -0.98378402, 1.51644695]
        - [0.235051006, 0.975422025, 0.398577988, 2.97248292]
        - [0.96419698, -0.183119997, -0.220618993, 3.14788508]
    - - - [0.931159973, -0.192605004, 0.307404995, -1.945081]
        - [-0.0765580013, 0.723644018, 0.684907973, 10.2037344]
        - [-0.354672998, -0.661888003, 0.659578979, 10.5595999]
      - - [-0.121041, 0.437620997, -0.983421028, 1.51524198]
        - [0.235932007, 0.974951029, 0.39971, 2.97590399]
        - [0.963968992, -0.183727995, -0.221362993, 3.14741802]
    - - - [0.930751979, -0.189115003, 0.310824007, -1.91680706]
        - [-0.0827869996, 0.721400976, 0.686531007, 10.2474957]
        - [-0.354364008, -0.665298998, 0.656331003, 10.5463219]
      - - [-0.121163003, 0.438906997, -0.983093023, 1.51400304]
        - [0.236769006, 0.974525988, 0.400757998, 2.97929597]
        - [0.963747978, -0.184296995, -0.222099006, 3.146981]
    - - - [0.93037498, -0.185642004, 0.314249992, -1.88882399]
        - [-0.0890040025, 0.719148993, 0.688142002, 10.2907591]
        - [-0.354061991, -0.66871202, 0.653093994, 10.5331125]
      - - [-0.121313997, 0.440106004, -0.982798994, 1.51272702]
        - [0.237563998, 0.974147022, 0.401722014, 2.98266006]
        - [0.963533998, -0.184830993, -0.222829998, 3.14657307]
    - - - [0.929964006, -0.182165995, 0.317674994, -1.86079097]
        - [-0.0952299982, 0.716901004, 0.689724028, 10.3335466]
        - [-0.35373801, -0.672115028, 0.649809003, 10.5194826]
      - - [-0.121487997, 0.441248, -0.982517004, 1.51140797]
        - [0.238330007, 0.973794997, 0.402633995, 2.98600197]
        - [0.963319004, -0.185333997, -0.223561004, 3.14618397]
    - - - [0.929453015, -0.178746, 0.321049005, -1.83333302]
        - [-0.101400003, 0.714612007, 0.691245973, 10.3752699]
        - [-0.353341997, -0.675469995, 0.646493018, 10.5055933]
      - - [-0.121703997, 0.442236006, -0.982298017, 1.51005304]
        - [0.239031002, 0.973522007, 0.403400004, 2.98930597]
        - [0.96311599, -0.185787007, -0.224277005, 3.14582491]
    - - - [0.928860009, -0.175328001, 0.324409992, -1.80624902]
        - [-0.107538998, 0.712248981, 0.692694008, 10.4159269]
        - [-0.35285899, -0.678792, 0.643173993, 10.4915705]
      - - [-0.121962003, 0.443085015, -0.982132971, 1.50865698]
        - [0.239666998, 0.973320007, 0.404035002, 2.99256802]
        - [0.96292299, -0.186187997, -0.224979997, 3.14549589]
    - - - [0.928300977, -0.171921, 0.327753991, -1.77968895]
        - [-0.113666996, 0.709877014, 0.69411999, 10.4559326]
        - [-0.352335989, -0.682125986, 0.639873981, 10.4775553]
      - - [-0.122257002, 0.443818986, -0.982012987, 1.50721896]
        - [0.240246996, 0.973178983, 0.404561013, 2.99579191]
        - [0.962741017, -0.186542004, -0.225673005, 3.14519811]
    - - - [0.927794993, -0.168513998, 0.331084013, -1.75359297]
        - [-0.119781002, 0.707517028, 0.695558012, 10.4955959]
        - [-0.351783007, -0.685491025, 0.636608005, 10.4636736]
      - - [-0.122583002, 0.444463015, -0.981926978, 1.50573397]
        - [0.240780994, 0.973083973, 0.405003011, 2.99898005]
        - [0.962565005, -0.186855003, -0.226361006, 3.14493108]
    - - - [0.927269995, -0.165104002, 0.334407002, -1.72764504]
        - [-0.125862002, 0.705093026, 0.69698602, 10.5348368]
        - [-0.351152986, -0.688847005, 0.633382976, 10.4498062]
      - - [-0.122937001, 0.445042014, -0.981863976, 1.50420105]
        - [0.241277993, 0.973024011, 0.405384004, 3.00213408]
        - [0.962396979, -0.187132999, -0.227047995, 3.144696]
    - - - [0.926687002, -0.161700994, 0.337682009, -1.70188999]
        - [-0.131929994, 0.702619016, 0.698386014, 10.5737]
        - [-0.350414991, -0.692166984, 0.630144, 10.4355431]
      - - [-0.123314999, 0.445580989, -0.981814027, 1.502617]
        - [0.241745993, 0.972986996, 0.405726999, 3.00525808]
        - [0.962233007, -0.187379003, -0.227736995, 3.1444931]
    - - - [0.926127017, -0.15828, 0.340896994, -1.67649698]
        - [-0.137975007, 0.700125992, 0.69976902, 10.6122885]
        - [-0.349626005, -0.695499003, 0.626904011, 10.4210882]
      - - [-0.123709001, 0.44610101, -0.981755972, 1.50097203]
        - [0.242191002, 0.972949028, 0.406051993, 3.00835204]
        - [0.962071002, -0.187600002, -0.228432, 3.14432192]
    - - - [0.925523996, -0.154826999, 0.343998998, -1.65167105]
        - [-0.143987, 0.697567999, 0.701053023, 10.6502447]
        - [-0.348767012, -0.698817015, 0.623600006, 10.4060946]
      - - [-0.124113999, 0.446619004, -0.981669009, 1.49925995]
        - [0.242621005, 0.972891986, 0.406379998, 3.0114181]
        - [0.961907029, -0.187799007, -0.229137003, 3.14416695]
    - - - [0.924849987, -0.151361004, 0.347068012, -1.62663698]
        - [-0.149940997, 0.694890022, 0.702305973, 10.6879349]
        - [-0.347775012, -0.702111006, 0.620334029, 10.3908529]
      - - [-0.124523997, 0.447163999, -0.981546998, 1.49748898]
        - [0.243046001, 0.97280401, 0.406735986, 3.01446009]
        - [0.96173799, -0.187980995, -0.229857996, 3.14403391]
    - - - [0.924214005, -0.147879004, 0.350120008, -1.60159802]
        - [-0.155884996, 0.692191005, 0.703576028, 10.725831]
        - [-0.34672299, -0.705434024, 0.617098987, 10.3754416]
      - - [-0.124941997, 0.447768003, -0.981393993, 1.49565303]
        - [0.243477002, 0.972691, 0.407148004, 3.01748204]
        - [0.961566985, -0.188152, -0.230599999, 3.14393401]
    - - - [0.923677981, -0.144422993, 0.353024006, -1.57737505]
        - [-0.161700994, 0.689495027, 0.704895973, 10.7638578]
        - [-0.345575005, -0.708786011, 0.61393398, 10.3601847]
      - - [-0.125367999, 0.448399007, -0.981227994, 1.493765]
        - [0.243902996, 0.972567022, 0.407586008, 3.02047896]
        - [0.961395979, -0.188306004, -0.231352001, 3.14386392]
    - - - [0.923191011, -0.141045004, 0.355733991, -1.55425096]
        - [-0.167350993, 0.686797976, 0.706251025, 10.8016481]
        - [-0.344316989, -0.712113976, 0.610807002, 10.3448696]
      - - [-0.125810996, 0.449019015, -0.981061995, 1.49182498]
        - [0.244311005, 0.972451985, 0.408013999, 3.02344608]
        - [0.961228013, -0.188435003, -0.232107997, 3.14382601]
    - - - [0.922658026, -0.137747005, 0.358294994, -1.53169596]
        - [-0.172805995, 0.683992028, 0.707603991, 10.8389454]
        - [-0.342907995, -0.715360999, 0.607733011, 10.329421]
      - - [-0.126267001, 0.449642986, -0.980889976, 1.48983002]
        - [0.244706005, 0.972338021, 0.408446997, 3.02638507]
        - [0.961062014, -0.188543007, -0.232872993, 3.14381695]
    - - - [0.922155976, -0.134517998, 0.360691994, -1.51014602]
        - [-0.178090006, 0.681196988, 0.708962023, 10.8759308]
        - [-0.341423988, -0.718616009, 0.604681015, 10.3139162]
      - - [-0.126735002, 0.450289011, -0.980705976, 1.48777997]
        - [0.245094001, 0.972217023, 0.408899993, 3.02929902]
        - [0.960895002, -0.188633993, -0.233648002, 3.14384007]
    - - - [0.921711981, -0.131360993, 0.36295101, -1.48942304]
        - [-0.183217004, 0.678411007, 0.710349977, 10.9127579]
        - [-0.339890987, -0.721872985, 0.60167098, 10.2984371]
      - - [-0.127208993, 0.450971991, -0.980502009, 1.48567295]
        - [0.245481998, 0.972078979, 0.409390002, 3.03219104]
        - [0.96072799, -0.188710004, -0.234436005, 3.14389491]
    - - - [0.921334028, -0.128275007, 0.36510101, -1.46930695]
        - [-0.188195005, 0.675621986, 0.711776972, 10.949501]
        - [-0.338319004, -0.725117981, 0.598721027, 10.2830219]
      - - [-0.127688006, 0.451709002, -0.980270982, 1.48350704]
        - [0.245875001, 0.971917987, 0.409931004, 3.03506398]
        - [0.960560024, -0.188776001, -0.235239998, 3.14398098]
    - - - [0.920928001, -0.125263005, 0.367170006, -1.44934797]
        - [-0.193000004, 0.672744989, 0.713202, 10.9858532]
        - [-0.336668998, -0.728290021, 0.595824003, 10.2674828]
      - - [-0.128167003, 0.452517986, -0.980006993, 1.481282]
        - [0.24628, 0.971724987, 0.410539001, 3.03791904]
        - [0.960388005, -0.188834995, -0.236062005, 3.14409709]
    - - - [0.920575023, -0.122311004, 0.369147003, -1.42976701]
        - [-0.197667003, 0.669883013, 0.714652002, 11.0220394]
        - [-0.335009992, -0.731445014, 0.592956007, 10.2518177]
      - - [-0.128645003, 0.45341301, -0.979700983, 1.47899401]
        - [0.246702999, 0.971490979, 0.411229014, 3.04076004]
        - [0.960211992, -0.188890994, -0.236903995, 3.14424491]
    - - - [0.920222998, -0.119445004, 0.371006995, -1.41062605]
        - [-0.202234, 0.667043984, 0.716099977, 11.0580921]
        - [-0.333321005, -0.734533012, 0.59007901, 10.2357254]
      - - [-0.129116997, 0.454412997, -0.979348004, 1.47664404]
        - [0.247150004, 0.971207976, 0.412018001, 3.04359007]
        - [0.960030973, -0.188945994, -0.237768993, 3.14442492]
    - - - [0.919852018, -0.116658002, 0.372772992, -1.39190495]
        - [-0.206669003, 0.664220989, 0.717517972, 11.0938129]
        - [-0.331622005, -0.737596989, 0.587198973, 10.2193499]
      - - [-0.129578993, 0.455523998, -0.97894001, 1.47422898]
        - [0.247626007, 0.970867991, 0.412910998, 3.04641199]
        - [0.95984298, -0.189006001, -0.238658994, 3.14463592]
    - - - [0.919431984, -0.113914996, 0.374455988, -1.37313104]
        - [-0.210951999, 0.661346972, 0.718874991, 11.1289864]
        - [-0.329849988, -0.740580022, 0.584390998, 10.2028866]
      - - [-0.130017996, 0.456762999, -0.978439987, 1.471753]
        - [0.248132005, 0.970430017, 0.413924992, 3.04923201]
        - [0.959645987, -0.189065993, -0.239583001, 3.14487696]
    - - - [0.919062018, -0.111194, 0.376033008, -1.35471594]
        - [-0.215093002, 0.658484995, 0.720224023, 11.1640301]
        - [-0.328011006, -0.743502021, 0.581681013, 10.186554]
      - - [-0.130446002, 0.458130002, -0.977877975, 1.46921098]
        - [0.248674005, 0.969927013, 0.415059, 3.05204606]
        - [0.959442019, -0.189131007, -0.240535006, 3.14514995]
    - - - [0.918765008, -0.108503997, 0.377505988, -1.33676898]
        - [-0.219109997, 0.655656993, 0.721580982, 11.1990194]
        - [-0.326131999, -0.746388018, 0.579051018, 10.1703262]
      - - [-0.130861998, 0.459612012, -0.97726202, 1.46660805]
        - [0.249246001, 0.969366014, 0.416301996, 3.05485392]
        - [0.959231019, -0.189200997, -0.241510004, 3.14545393]
    - - - [0.918533027, -0.105858997, 0.378879011, -1.31930602]
        - [-0.223009005, 0.652842999, 0.722936988, 11.2338448]
        - [-0.324209988, -0.749230027, 0.576476991, 10.1540556]
      - - [-0.131271005, 0.461196989, -0.976597011, 1.46394098]
        - [0.249843001, 0.968755007, 0.417641014, 3.0576539]
        - [0.959015012, -0.189272001, -0.242506996, 3.14578795]
    - - - [0.918363988, -0.103262998, 0.380165994, -1.30227995]
        - [-0.226790994, 0.650048971, 0.724319994, 11.2686539]
        - [-0.322268993, -0.752048016, 0.57396102, 10.1378527]
      - - [-0.131672993, 0.462870985, -0.975889981, 1.46121597]
        - [0.250461996, 0.968100011, 0.419063002, 3.06044292]
        - [0.958793998, -0.189343005, -0.243523002, 3.14615202]
    - - - [0.918173015, -0.100735001, 0.38134101, -1.28574204]
        - [-0.230460003, 0.64725697, 0.72569102, 11.3032207]
        - [-0.320279986, -0.754808009, 0.571437001, 10.1213169]
      - - [-0.132072002, 0.464621007, -0.975145996, 1.45843196]
        - [0.251098007, 0.967410028, 0.420556992, 3.06322098]
        - [0.958570004, -0.189410999, -0.244553998, 3.14654708]
    - - - [0.917901993, -0.0982879996, 0.382429987, -1.269503]
        - [-0.233985007, 0.644407988, 0.727024972, 11.3373032]
        - [-0.31822601, -0.75749898, 0.568895996, 10.1044044]
      - - [-0.132469997, 0.466432005, -0.974372029, 1.45559204]
        - [0.251745999, 0.966688991, 0.422109008, 3.06598496]
        - [0.958343983, -0.189474002, -0.2456, 3.14697003]
    - - - [0.917681992, -0.0959220007, 0.383462995, -1.25365102]
        - [-0.237408996, 0.641557992, 0.728408992, 11.3713951]
        - [-0.316188008, -0.760186017, 0.56637001, 10.0874519]
      - - [-0.132866994, 0.468293011, -0.973573983, 1.45269597]
        - [0.252400994, 0.965946019, 0.423707992, 3.06873393]
        - [0.958114982, -0.189528003, -0.246656001, 3.14742398]
    - - - [0.917506993, -0.0936459973, 0.384451985, -1.23816502]
        - [-0.240734994, 0.638697982, 0.729848981, 11.4054937]
        - [-0.314177006, -0.762872994, 0.563844979, 10.0704145]
      - - [-0.133267, 0.470189005, -0.972756982, 1.44974697]
        - [0.253060013, 0.965187013, 0.425339013, 3.07146692]
        - [0.957886994, -0.189573005, -0.247721002, 3.14790606]
    - - - [0.917371988, -0.0914589986, 0.385408998, -1.22304595]
        - [-0.243983999, 0.635803998, 0.731359005, 11.4396505]
        - [-0.312191993, -0.765582025, 0.561294973, 10.0531597]
      - - [-0.133673996, 0.47209999, -0.971933007, 1.44674695]
        - [0.253715008, 0.964423001, 0.426984012, 3.07418203]
        - [0.957657993, -0.189604998, -0.248789996, 3.148417]
    - - - [0.917289972, -0.0893929973, 0.386292994, -1.208377]
        - [-0.247087002, 0.632930994, 0.732914984, 11.4737301]
        - [-0.310245991, -0.768262029, 0.558776021, 10.0359793]
      - - [-0.134075999, 0.47408101, -0.971072972, 1.44368899]
        - [0.254386008, 0.963625014, 0.42869699, 3.07688498]
        - [0.957427025, -0.189633995, -0.249872997, 3.14895606]
    - - - [0.917271018, -0.087416999, 0.387080997, -1.19424498]
        - [-0.250036001, 0.630091012, 0.734507024, 11.5077696]
        - [-0.308301002, -0.770904005, 0.556313992, 10.0188923]
      - - [-0.134467006, 0.47616899, -0.970164001, 1.44057]
        - [0.255088001, 0.962773979, 0.430507988, 3.07958388]
        - [0.957189977, -0.189667001, -0.25097701, 3.14952588]
    - - - [0.917253017, -0.0855249986, 0.387768, -1.18052399]
        - [-0.252833009, 0.627240002, 0.736082971, 11.5413456]
        - [-0.306349993, -0.773501992, 0.553875983, 10.0017471]
      - - [-0.134843007, 0.47832799, -0.969191015, 1.43739605]
        - [0.255807012, 0.961854994, 0.432384998, 3.08227992]
        - [0.956947982, -0.189695999, -0.252099991, 3.15012407]
    - - - [0.917111993, -0.083701998, 0.388336003, -1.16712701]
        - [-0.255463988, 0.62431401, 0.737563014, 11.5739336]
        - [-0.304358006, -0.77600199, 0.551396012, 9.98414421]
      - - [-0.135205001, 0.480531007, -0.968160987, 1.43416905]
        - [0.25653401, 0.960877001, 0.434302986, 3.08497]
        - [0.956700027, -0.189715996, -0.253241003, 3.15074897]
    - - - [0.916975021, -0.0819559991, 0.38883701, -1.15408695]
        - [-0.258004993, 0.621388972, 0.739058018, 11.606288]
        - [-0.302374005, -0.778469026, 0.548915029, 9.96642303]
      - - [-0.135565996, 0.482764006, -0.967094004, 1.43087602]
        - [0.257263988, 0.959863007, 0.436248004, 3.08764601]
        - [0.956452012, -0.189729005, -0.254391015, 3.15140295]
    - - - [0.916863024, -0.0802730024, 0.389306992, -1.14133096]
        - [-0.260473013, 0.618454993, 0.740583003, 11.6385059]
        - [-0.300419003, -0.780932009, 0.546434999, 9.9487009]
      - - [-0.135931998, 0.485009015, -0.966014028, 1.427526]
        - [0.257991999, 0.958838999, 0.43820399, 3.090307]
        - [0.956203997, -0.189731002, -0.25554499, 3.15208507]
    - - - [0.916779995, -0.0786530003, 0.389775008, -1.12878299]
        - [-0.262894005, 0.61551398, 0.742151022, 11.6707058]
        - [-0.298492014, -0.783399999, 0.543946028, 9.93092918]
      - - [-0.136307999, 0.487246007, -0.964935005, 1.42412603]
        - [0.25871101, 0.957821012, 0.440153003, 3.09295106]
        - [0.955956995, -0.189719006, -0.256700009, 3.15279508]
    - - - [0.916700006, -0.0770810023, 0.390253007, -1.11629605]
        - [-0.265276015, 0.612553, 0.743749022, 11.7027149]
        - [-0.296597004, -0.785872996, 0.541410983, 9.91292477]
      - - [-0.136696994, 0.489452988, -0.963868976, 1.42067802]
        - [0.259413987, 0.956821978, 0.442072004, 3.0955739]
        - [0.955713987, -0.189687997, -0.257851988, 3.15353203]
    - - - [0.91663301, -0.075563997, 0.390765995, -1.10388398]
        - [-0.267657012, 0.60956198, 0.745389998, 11.7347126]
        - [-0.294739008, -0.788366973, 0.538833022, 9.89478207]
      - - [-0.137104005, 0.49160701, -0.962826014, 1.41718304]
        - [0.260093987, 0.955853999, 0.443940997, 3.09817505]
        - [0.955475986, -0.189636007, -0.258996993, 3.15429711]
    - - - [0.916558981, -0.074101001, 0.391357005, -1.09116602]
        - [-0.270089, 0.606495023, 0.747089028, 11.7669983]
        - [-0.292930007, -0.790917993, 0.536154985, 9.8761797]
      - - [-0.137526006, 0.493725002, -0.961799026, 1.41364002]
        - [0.260755986, 0.954908013, 0.445775986, 3.10075498]
        - [0.955241024, -0.189566001, -0.260138005, 3.1550889]
    - - - [0.916504979, -0.0726929978, 0.391902, -1.07905602]
        - [-0.272441, 0.603429973, 0.74880302, 11.7988567]
        - [-0.291123986, -0.793457985, 0.533484995, 9.8577013]
      - - [-0.137966007, 0.495766997, -0.960795999, 1.41005194]
        - [0.26138401, 0.953993976, 0.447539002, 3.10330701]
        - [0.955012977, -0.189469993, -0.261269003, 3.15590811]
    - - - [0.91642803, -0.0713559985, 0.392304987, -1.06779599]
        - [-0.274630994, 0.600323021, 0.750478983, 11.8300285]
        - [-0.289299995, -0.795966983, 0.530772984, 9.83896828]
      - - [-0.138408005, 0.497803986, -0.959774017, 1.40641201]
        - [0.262003005, 0.953064024, 0.449297994, 3.10583997]
        - [0.954786003, -0.189358994, -0.262403011, 3.15675402]
    - - - [0.916355014, -0.0700939968, 0.392625004, -1.05707097]
        - [-0.276692003, 0.597159028, 0.752161026, 11.860815]
        - [-0.287450999, -0.798421979, 0.528043985, 9.82007599]
      - - [-0.138859004, 0.499832004, -0.958755016, 1.402722]
        - [0.262612998, 0.952140987, 0.451047003, 3.10835409]
        - [0.954560995, -0.189235002, -0.263536006, 3.15762901]
    - - - [0.916278005, -0.0689060017, 0.392874002, -1.04681802]
        - [-0.27867201, 0.593976021, 0.753871977, 11.8914757]
        - [-0.285578996, -0.800836027, 0.525285006, 9.80098248]
      - - [-0.139320001, 0.501838028, -0.957744002, 1.39898098]
        - [0.263208985, 0.951231003, 0.452776015, 3.11084795]
        - [0.954338014, -0.189094007, -0.264665991, 3.15852904]
    - - - [0.916198015, -0.0677770004, 0.393083006, -1.03673804]
        - [-0.280584008, 0.590749979, 0.755595982, 11.9217739]
        - [-0.283710003, -0.803252995, 0.522521973, 9.78190899]
      - - [-0.139779001, 0.503786981, -0.956708014, 1.39519703]
        - [0.263779998, 0.950299025, 0.454450995, 3.11332607]
        - [0.954117, -0.188927993, -0.265798986, 3.15945601]
    - - - [0.916146994, -0.0666920021, 0.393287003, -1.02688801]
        - [-0.282463014, 0.58750701, 0.757357001, 11.9520845]
        - [-0.281854987, -0.80567801, 0.519742012, 9.76284218]
      - - [-0.140255004, 0.505689025, -0.95569402, 1.39136398]
        - [0.264331013, 0.949393988, 0.45607999, 3.11578107]
        - [0.95389998, -0.188742995, -0.266925007, 3.16040897]
    - - - [0.916118979, -0.0656429976, 0.393507004, -1.01715505]
        - [-0.284334987, 0.584240973, 0.759151995, 11.9824162]
        - [-0.280021012, -0.808116019, 0.516933024, 9.74376011]
      - - [-0.140750006, 0.507533014, -0.954707026, 1.387483]
        - [0.264856994, 0.948526025, 0.457653999, 3.11821294]
        - [0.953688979, -0.188538, -0.268043995, 3.16139007]
    - - - [0.916103005, -0.0646189973, 0.393763989, -1.00741005]
        - [-0.286224991, 0.580946028, 0.760972023, 12.0127726]
        - [-0.278210998, -0.810570002, 0.514087975, 9.7246294]
      - - [-0.141267002, 0.509305, -0.953755975, 1.38355303]
        - [0.265354991, 0.947700024, 0.45916, 3.12062097]
        - [0.953482985, -0.188311994, -0.269152999, 3.16239691]
    - - - [0.916068017, -0.0636129975, 0.394071013, -0.997573972]
        - [-0.288150996, 0.57761699, 0.762791991, 12.0430622]
        - [-0.276425004, -0.813042998, 0.511180997, 9.70535946]
      - - [-0.141808003, 0.510994017, -0.952844977, 1.37957597]
        - [0.265821993, 0.946923018, 0.460586995, 3.12300301]
        - [0.953283012, -0.188063994, -0.270251006, 3.16343093]
    - - - [0.915952981, -0.0626180023, 0.39448899, -0.98715198]
        - [-0.290163994, 0.574266016, 0.76455301, 12.0730896]
        - [-0.274695992, -0.815527976, 0.508189023, 9.68589783]
      - - [-0.142367005, 0.512620986, -0.951964974, 1.37555802]
        - [0.266259998, 0.946186006, 0.461955994, 3.12533808]
        - [0.953091025, -0.187793002, -0.271335989, 3.16449094]
    - - - [0.91585499, -0.0616450012, 0.394917995, -0.977059007]
        - [-0.292192996, 0.570852995, 0.766359985, 12.1031647]
        - [-0.272967011, -0.818045974, 0.505129993, 9.66618347]
      - - [-0.142964005, 0.514101982, -0.95115, 1.37148404]
        - [0.266653001, 0.945527971, 0.463191986, 3.1276629]
        - [0.952898979, -0.187494993, -0.272403985, 3.16555309]
    - - - [0.915715992, -0.0607260019, 0.395372987, -0.966995001]
        - [-0.29419601, 0.567351997, 0.768173993, 12.1329298]
        - [-0.271230012, -0.820532024, 0.502016008, 9.64616013]
      - - [-0.143590003, 0.515462995, -0.950379014, 1.36735702]
        - [0.267008007, 0.944930971, 0.464325994, 3.12995505]
        - [0.952701986, -0.187169999, -0.27345401, 3.16658998]
    - - - [0.915588021, -0.0598590001, 0.395848006, -0.957140028]
        - [-0.296184003, 0.563804984, 0.770017982, 12.1625633]
        - [-0.269519001, -0.823027015, 0.498854995, 9.62605286]
      - - [-0.144245997, 0.516717017, -0.94966203, 1.36318302]
        - [0.267325997, 0.944397986, 0.465359986, 3.13221908]
        - [0.952511013, -0.186822996, -0.274489999, 3.16765189]
    - - - [0.915482998, -0.0590489991, 0.396333992, -0.947565973]
        - [-0.298153013, 0.560229003, 0.771897972, 12.1921053]
        - [-0.267845005, -0.82553798, 0.495651007, 9.60589504]
      - - [-0.144931003, 0.517867982, -0.948996007, 1.35896099]
        - [0.267607987, 0.943925977, 0.466293991, 3.13445807]
        - [0.952327013, -0.186453998, -0.275512993, 3.16874003]
    - - - [0.915369987, -0.058309, 0.396802008, -0.938354015]
        - [-0.300101012, 0.556634009, 0.773802996, 12.2214804]
        - [-0.266198009, -0.828031003, 0.492383003, 9.58551788]
      - - [-0.145642996, 0.518917978, -0.948381007, 1.35468996]
        - [0.267857999, 0.943512976, 0.467132002, 3.13667393]
        - [0.952148974, -0.186066002, -0.276526004, 3.16985202]
    - - - [0.915256977, -0.0576400012, 0.397258997, -0.929542005]
        - [-0.302002996, 0.553022981, 0.775722027, 12.2506285]
        - [-0.264587998, -0.830531001, 0.489066005, 9.56507015]
      - - [-0.146384001, 0.519869983, -0.947813988, 1.35036898]
        - [0.268077999, 0.943157017, 0.467877001, 3.13886809]
        - [0.951976001, -0.185660005, -0.277527988, 3.17098999]
    - - - [0.915120006, -0.0570480004, 0.397686988, -0.921230018]
        - [-0.303838015, 0.549401999, 0.777631998, 12.2794199]
        - [-0.263013989, -0.833038986, 0.485691994, 9.54451847]
      - - [-0.147152007, 0.520727992, -0.947293997, 1.34599805]
        - [0.268269002, 0.942857027, 0.468529999, 3.14104295]
        - [0.951807022, -0.185239002, -0.278522998, 3.17215204]
    - - - [0.915000021, -0.0565380007, 0.398083001, -0.913389027]
        - [-0.305617005, 0.545753002, 0.779555023, 12.3078899]
        - [-0.261498004, -0.835521996, 0.48228699, 9.52398968]
      - - [-0.147946, 0.521489978, -0.946811974, 1.34156895]
        - [0.268429995, 0.942601025, 0.469090015, 3.14319992]
        - [0.95164299, -0.184802994, -0.279509991, 3.17333889]
    - - - [0.914825976, -0.0561270006, 0.398447007, -0.905816019]
        - [-0.307289004, 0.542016029, 0.78144002, 12.3355627]
        - [-0.260004014, -0.837912023, 0.478852987, 9.5034008]
      - - [-0.148763001, 0.52215302, -0.946353972, 1.33707595]
        - [0.268563002, 0.942378998, 0.469554007, 3.14533901]
        - [0.951483011, -0.184354007, -0.280490994, 3.17455196]
    - - - [0.914701998, -0.055780001, 0.398730993, -0.898971975]
        - [-0.308836013, 0.538294971, 0.783361971, 12.3629494]
        - [-0.258531988, -0.84028399, 0.475421995, 9.482934]
      - - [-0.149606004, 0.522732019, -0.945939004, 1.33252895]
        - [0.268673003, 0.942205012, 0.469935, 3.14746499]
        - [0.951324999, -0.183895007, -0.281468004, 3.17578912]
    - - - [0.914582014, -0.0555059984, 0.399087012, -0.891915023]
        - [-0.310407013, 0.534559011, 0.785305023, 12.3903522]
        - [-0.257146001, -0.842670977, 0.471935987, 9.46240044]
      - - [-0.150472999, 0.523230016, -0.945563972, 1.32792699]
        - [0.268763006, 0.942077994, 0.470236987, 3.14958096]
        - [0.951170027, -0.183427006, -0.282442003, 3.17705202]
    - - - [0.914466023, -0.0552549995, 0.399509996, -0.884536028]
        - [-0.312029004, 0.530798018, 0.787253976, 12.4178782]
        - [-0.255793005, -0.845076978, 0.468401015, 9.44173241]
      - - [-0.151363, 0.523658991, -0.945222974, 1.32326901]
        - [0.268837988, 0.941990018, 0.470470011, 3.15168905]
        - [0.951017022, -0.182952002, -0.28341499, 3.178339]
    - - - [0.914274991, -0.0550480001, 0.399951994, -0.877093017]
        - [-0.313654989, 0.527019978, 0.789134979, 12.4450893]
        - [-0.254453987, -0.847492993, 0.464776993, 9.42068005]
      - - [-0.152272001, 0.524034023, -0.94490999, 1.31855404]
        - [0.268902987, 0.941935003, 0.470647991, 3.15379095]
        - [0.950864017, -0.182473004, -0.284388989, 3.17965102]
    - - - [0.914090991, -0.0548960008, 0.400447011, -0.869358003]
        - [-0.315293998, 0.52323401, 0.79103303, 12.4723616]
        - [-0.253172994, -0.849925995, 0.461120009, 9.39956665]
      - - [-0.153192997, 0.524360001, -0.944604993, 1.31378198]
        - [0.268959999, 0.941892028, 0.470777005, 3.15588999]
        - [0.950708985, -0.181989998, -0.285365999, 3.18098211]
    - - - [0.913839996, -0.0548320003, 0.400974989, -0.861238003]
        - [-0.316891015, 0.51936698, 0.792890012, 12.4991951]
        - [-0.251917988, -0.852268994, 0.457428992, 9.37821579]
      - - [-0.154119998, 0.524648011, -0.944293976, 1.30895305]
        - [0.269014001, 0.941852987, 0.470869005, 3.15798807]
        - [0.950541973, -0.181504995, -0.286347002, 3.18232012]
    - - - [0.913594007, -0.0548529997, 0.401497006, -0.853208005]
        - [-0.318479002, 0.515478015, 0.794740975, 12.5259275]
        - [-0.250744998, -0.854560018, 0.453700006, 9.35677814]
      - - [-0.155056, 0.524921, -0.943988979, 1.30406201]
        - [0.269071996, 0.941823006, 0.470945001, 3.16008806]
        - [0.950374007, -0.181023002, -0.287335992, 3.18368101]
    - - - [0.913381994, -0.0549740009, 0.402042001, -0.845156014]
        - [-0.320028007, 0.511613011, 0.796626985, 12.552742]
        - [-0.24966, -0.856851995, 0.44995901, 9.33538437]
      - - [-0.155998006, 0.525195003, -0.943684995, 1.29911196]
        - [0.269140005, 0.941790998, 0.47101599, 3.16218996]
        - [0.950203001, -0.180546001, -0.288331985, 3.18506789]
    - - - [0.913164973, -0.0552069992, 0.40258199, -0.837197006]
        - [-0.32150501, 0.507784009, 0.798524022, 12.5794353]
        - [-0.248656005, -0.859133005, 0.446188986, 9.31387806]
      - - [-0.156939998, 0.525478005, -0.943359017, 1.29410005]
        - [0.269217014, 0.94175297, 0.471094012, 3.1642971]
        - [0.950016022, -0.180078, -0.289337009, 3.1864779]
    - - - [0.912922978, -0.0555579998, 0.40308401, -0.829576015]
        - [-0.32287699, 0.503993988, 0.800393999, 12.6058025]
        - [-0.247738004, -0.861398995, 0.442384988, 9.29229164]
      - - [-0.157881007, 0.525789022, -0.943020999, 1.28902495]
        - [0.269313008, 0.941699028, 0.471192002, 3.16641212]
        - [0.949824989, -0.179619998, -0.290353, 3.18791294]
    - - - [0.912689984, -0.0560400002, 0.403517991, -0.82248801]
        - [-0.324115008, 0.500258029, 0.802257001, 12.6317291]
        - [-0.246939003, -0.863596022, 0.438578993, 9.27079964]
      - - [-0.158825994, 0.526140988, -0.942655981, 1.28385401]
        - [0.269428998, 0.941619992, 0.47132501, 3.16852403]
        - [0.949627995, -0.179166004, -0.291390002, 3.18937707]
    - - - [0.912416995, -0.0566550009, 0.403905004, -0.815630019]
        - [-0.325271994, 0.49644801, 0.804077983, 12.6571407]
        - [-0.246208996, -0.865667999, 0.434736997, 9.24915886]
      - - [-0.159769997, 0.526479006, -0.942297995, 1.27865505]
        - [0.269555002, 0.941542983, 0.471439004, 3.1706531]
        - [0.949429989, -0.178726003, -0.292427987, 3.19085908]
    - - - [0.912175, -0.0573929995, 0.40427801, -0.809056997]
        - [-0.32635501, 0.492646992, 0.805930018, 12.6824865]
        - [-0.245568007, -0.867712975, 0.430877, 9.22763348]
      - - [-0.160732001, 0.526762009, -0.941969991, 1.27339804]
        - [0.269674003, 0.941501975, 0.471496999, 3.17278194]
        - [0.949231029, -0.178287998, -0.293467999, 3.19236493]
    - - - [0.911973, -0.0582460016, 0.404651999, -0.802675009]
        - [-0.327372015, 0.488875985, 0.807820022, 12.7078552]
        - [-0.245023996, -0.869755983, 0.427008986, 9.20624542]
      - - [-0.161706001, 0.527016997, -0.941661, 1.26808298]
        - [0.269796997, 0.941479981, 0.471522003, 3.17491388]
        - [0.949030995, -0.177855998, -0.294512987, 3.19389391]
    - - - [0.911768973, -0.0592060015, 0.405014992, -0.796510994]
        - [-0.32831499, 0.485143989, 0.809707999, 12.7330647]
        - [-0.244565994, -0.871793985, 0.423121989, 9.18490028]
      - - [-0.162686005, 0.527270019, -0.941357017, 1.26270795]
        - [0.269930989, 0.94146198, 0.471540004, 3.17705202]
        - [0.948828995, -0.177432999, -0.295565009, 3.19544601]
    - - - [0.911549985, -0.0602689981, 0.405369014, -0.79053098]
        - [-0.329185992, 0.481458992, 0.811580002, 12.7580976]
        - [-0.244185999, -0.873824, 0.419216007, 9.16353607]
      - - [-0.163664997, 0.527545989, -0.941043019, 1.25726998]
        - [0.27008599, 0.941434026, 0.471574992, 3.17920089]
        - [0.948620021, -0.177022994, -0.296627998, 3.1970129]
    - - - [0.911292017, -0.0614209995, 0.40564999, -0.784886003]
        - [-0.330031991, 0.477766991, 0.813395977, 12.7826071]
        - [-0.243900999, -0.875739992, 0.415291995, 9.14193153]
      - - [-0.164630994, 0.527835011, -0.94066, 1.25174201]
        - [0.270262003, 0.941340983, 0.471644998, 3.18135405]
        - [0.948381007, -0.176624, -0.297697008, 3.19850612]
    - - - [0.911050022, -0.0626560003, 0.405928999, -0.779304028]
        - [-0.330841005, 0.474115014, 0.815208018, 12.8069954]
        - [-0.243705004, -0.877615988, 0.411381006, 9.12040138]
      - - [-0.165582001, 0.528195977, -0.940235019, 1.24614501]
        - [0.27047199, 0.941200018, 0.471776992, 3.18352199]
        - [0.948135018, -0.176245004, -0.298783004, 3.20002007]
    - - - [0.910804987, -0.0639759973, 0.406242996, -0.773518026]
        - [-0.331589013, 0.470492989, 0.817000985, 12.8311777]
        - [-0.243563995, -0.879441023, 0.407501996, 9.09893703]
      - - [-0.166513994, 0.528659999, -0.93976301, 1.24048305]
        - [0.270729005, 0.941003025, 0.472000003, 3.1857121]
        - [0.947880983, -0.175888002, -0.299888998, 3.20155501]
    - - - [0.910576999, -0.0653610006, 0.406585991, -0.76760298]
        - [-0.332300991, 0.466926008, 0.818785012, 12.8552895]
        - [-0.243490994, -0.881232977, 0.403656989, 9.07755661]
      - - [-0.167420998, 0.529254019, -0.939230978, 1.23475301]
        - [0.271039993, 0.940737009, 0.472341001, 3.18792701]
        - [0.947619021, -0.175557002, -0.301018, 3.20311308]
    - - - [0.910368979, -0.0667729974, 0.406964988, -0.761511981]
        - [-0.333014995, 0.463411003, 0.820560992, 12.8794575]
        - [-0.243468001, -0.883010983, 0.399836004, 9.05612946]
      - - [-0.168294996, 0.530004025, -0.938625991, 1.22895503]
        - [0.271414012, 0.940387011, 0.472822994, 3.19017005]
        - [0.947345972, -0.175254002, -0.302172005, 3.20469093]
    - - - [0.910059988, -0.0682509989, 0.40725401, -0.755668998]
        - [-0.333635986, 0.459939003, 0.822198987, 12.9025841]
        - [-0.243515998, -0.884685993, 0.396035999, 9.03477573]
      - - [-0.169125006, 0.530874014, -0.937915027, 1.22309995]
        - [0.271838009, 0.939913988, 0.473412007, 3.19244289]
        - [0.947062016, -0.174970001, -0.303355008, 3.2062881]
    - - - [0.909739017, -0.0697920024, 0.407492995, -0.750054002]
        - [-0.334188998, 0.456514001, 0.823792994, 12.9253006]
        - [-0.243643999, -0.886281013, 0.392253995, 9.01349831]
      - - [-0.169929996, 0.53184998, -0.937146008, 1.21718395]
        - [0.272307992, 0.939374983, 0.474094003, 3.19473696]
        - [0.946771026, -0.174707994, -0.304558009, 3.20790505]
    - - - [0.909447014, -0.0713969991, 0.407730013, -0.744552016]
        - [-0.334690005, 0.453155011, 0.825389028, 12.9479761]
        - [-0.243842006, -0.88784498, 0.388509989, 8.99243069]
      - - [-0.170714006, 0.532929003, -0.936333001, 1.21120405]
        - [0.272825986, 0.938781023, 0.474869013, 3.197052]
        - [0.946471989, -0.174467996, -0.305779994, 3.20954299]
    - - - [0.909179986, -0.0730580017, 0.407972008, -0.739120007]
        - [-0.335152, 0.449856013, 0.826982975, 12.9706211]
        - [-0.244105995, -0.889382005, 0.384799004, 8.97155476]
      - - [-0.171479002, 0.534107983, -0.935477972, 1.20516098]
        - [0.273389012, 0.938139021, 0.475730002, 3.19938588]
        - [0.946168005, -0.174250007, -0.307018012, 3.21120191]
    - - - [0.908933997, -0.074767001, 0.408226013, -0.733723998]
        - [-0.335586011, 0.446613014, 0.828572989, 12.9932384]
        - [-0.244430006, -0.890892982, 0.381118, 8.95085239]
