Move_Gear_0To3_L: {scaleX: 1.5, scaleY: 1.5, scaleZ: 1.49999905}
Move_Gear_0To3_R: {scaleX: 1.5, scaleY: 1.5, scaleZ: 1.49999905}
Move_Gear_1: {scaleX: 1.5, scaleY: 1.50000501, scaleZ: 1.49999905}
Move_Gear_1_Curve_L: {scaleX: 1.5, scaleY: 1.50000095, scaleZ: 1.5}
Move_Gear_1_Curve_R: {scaleX: 1.5, scaleY: 1.49999404, scaleZ: 1.5}
Move_Gear_1_Downslope: {scaleX: 1.49999905, scaleY: 1.50000501, scaleZ: 1.5}
Move_Gear_1_Downslope_Curve_L: {scaleX: 1.5, scaleY: 1.49999404, scaleZ: 1.5}
Move_Gear_1_Downslope_Curve_R: {scaleX: 1.5, scaleY: 1.50000095, scaleZ: 1.5}
Move_Gear_1_Slide_L: {scaleX: 1.5, scaleY: 1.50000501, scaleZ: 1.5}
Move_Gear_1_Slide_R: {scaleX: 1.5, scaleY: 1.49999499, scaleZ: 1.50000095}
Move_Gear_1_Upslope: {scaleX: 1.49999905, scaleY: 1.50000405, scaleZ: 1.49999905}
Move_Gear_1_Upslope_Curve_L: {scaleX: 1.5, scaleY: 1.50000095, scaleZ: 1.5}
Move_Gear_1_Upslope_Curve_R: {scaleX: 1.5, scaleY: 1.49999905, scaleZ: 1.5}
Move_Gear_1_Upslope_Hard: {scaleX: 1.50000095, scaleY: 1.5, scaleZ: 1.49999905}
Move_Gear_2: {scaleX: 1.5, scaleY: 1.49999595, scaleZ: 1.5}
Move_Gear_2_Curve_L: {scaleX: 1.5, scaleY: 1.49999702, scaleZ: 1.50000095}
Move_Gear_2_Curve_R: {scaleX: 1.5, scaleY: 1.50000095, scaleZ: 1.49999905}
Move_Gear_2_Downslope: {scaleX: 1.5, scaleY: 1.49999499, scaleZ: 1.49999905}
Move_Gear_2_Downslope_Curve_L: {scaleX: 1.5, scaleY: 1.49999702, scaleZ: 1.50000095}
Move_Gear_2_Downslope_Curve_R: {scaleX: 1.5, scaleY: 1.50000095, scaleZ: 1.49999905}
Move_Gear_2_Slide_L: {scaleX: 1.49999905, scaleY: 1.49999201, scaleZ: 1.49999905}
Move_Gear_2_Slide_R: {scaleX: 1.5, scaleY: 1.49999404, scaleZ: 1.50000095}
Move_Gear_2_Upslope: {scaleX: 1.5, scaleY: 1.5, scaleZ: 1.5}
Move_Gear_2_Upslope_Curve_L: {scaleX: 1.5, scaleY: 1.49999702, scaleZ: 1.50000095}
Move_Gear_2_Upslope_Curve_R: {scaleX: 1.5, scaleY: 1.50000095, scaleZ: 1.49999905}
Move_Gear_3: {scaleX: 1.49999797, scaleY: 1.49999797, scaleZ: 1.50002003}
Move_Gear_3_Curve_L: {scaleX: 1.49999905, scaleY: 1.49999702, scaleZ: 1.499964}
Move_Gear_3_Curve_R: {scaleX: 1.49999797, scaleY: 1.50000203, scaleZ: 1.50001895}
Move_Gear_3_Downslope: {scaleX: 1.49999797, scaleY: 1.49999905, scaleZ: 1.50002396}
Move_Gear_3_Downslope_Curve_L: {scaleX: 1.49999905, scaleY: 1.49999595, scaleZ: 1.49997103}
Move_Gear_3_Downslope_Curve_R: {scaleX: 1.49999797, scaleY: 1.5, scaleZ: 1.50001597}
Move_Gear_3_Slide_L: {scaleX: 1.5, scaleY: 1.50000298, scaleZ: 1.50000405}
Move_Gear_3_Slide_R: {scaleX: 1.5, scaleY: 1.49999797, scaleZ: 1.49994302}
Move_Gear_3_Upslope: {scaleX: 1.5, scaleY: 1.49999702, scaleZ: 1.50000095}
Move_Gear_3_Upslope_Curve_L: {scaleX: 1.49999905, scaleY: 1.5, scaleZ: 1.5}
Move_Gear_3_Upslope_Curve_R: {scaleX: 1.49999797, scaleY: 1.5, scaleZ: 1.49994802}
Move_Gear_Top: {scaleX: 1.5, scaleY: 1.49999595, scaleZ: 1.5}
Move_Gear_Top_Curve_L: {scaleX: 1.49995697, scaleY: 1.49999797, scaleZ: 1.50000501}
Move_Gear_Top_Curve_R: {scaleX: 1.5, scaleY: 1.50000095, scaleZ: 1.50000203}
Move_Gear_Top_Downslope: {scaleX: 1.5, scaleY: 1.50001299, scaleZ: 1.50000298}
Move_Gear_Top_Downslope_Curve_L: {scaleX: 1.49995697, scaleY: 1.49999797, scaleZ: 1.50000501}
Move_Gear_Top_Downslope_Curve_R: {scaleX: 1.5, scaleY: 1.50000095, scaleZ: 1.50000095}
Move_Gear_Top_Upslope: {scaleX: 1.5, scaleY: 1.49999797, scaleZ: 1.49999702}
Move_Gear_Top_Upslope_Curve_L: {scaleX: 1.49995697, scaleY: 1.49999797, scaleZ: 1.50000501}
Move_Gear_Top_Upslope_Curve_R: {scaleX: 1.5, scaleY: 1.50000095, scaleZ: 1.50000095}
Wait_Curve_L: {scaleX: 1.49999905, scaleY: 1.49999702, scaleZ: 1.50000298}
Wait_Curve_L_End: {scaleX: 1.50045204, scaleY: 1.49999297, scaleZ: 1.5}
Wait_Curve_L_Loop: {scaleX: 1.49999797, scaleY: 1.49998999, scaleZ: 1.5}
Wait_Curve_R: {scaleX: 1.5, scaleY: 1.49999702, scaleZ: 1.49999905}
Wait_Curve_R_End: {scaleX: 1.50049698, scaleY: 1.49999905, scaleZ: 1.49999905}
Wait_Curve_R_Loop: {scaleX: 1.5, scaleY: 1.50000095, scaleZ: 1.5}
_sword_blur:
  Attack_360_Lsword_End:
    end: 15
    frame_num: 150
    mtx:
    - - - [-0.132082999, 0.229185, -0.963415027, -1.58817804]
        - [0.855944991, -0.462336987, -0.227311999, 1.93883204]
        - [-0.497972012, -0.855418026, -0.135318995, 2.61964703]
      - - [0.120456003, -0.542854011, 0.830663979, -0.208394006]
        - [0.817623019, -0.419887006, -0.392946988, 2.16723204]
        - [0.562362015, 0.726749003, 0.393395007, 0.76056999]
    - - - [-0.14666, 0.203645006, -0.967099011, -1.56178498]
        - [0.85957998, -0.456045002, -0.226325005, 1.93215203]
        - [-0.487607986, -0.865270972, -0.108310997, 2.6405189]
      - - [0.120603003, -0.541693985, 0.831569016, -0.211956993]
        - [0.819150984, -0.418514013, -0.391415, 2.16170597]
        - [0.560226023, 0.728644013, 0.393344998, 0.770676017]
    - - - [-0.160207003, 0.178069994, -0.969950974, -1.53789401]
        - [0.863156021, -0.450022995, -0.225215003, 1.92714]
        - [-0.476996988, -0.874089003, -0.0817359984, 2.65448403]
      - - [0.120453998, -0.542209983, 0.831184983, -0.215691999]
        - [0.820487022, -0.416615009, -0.390668005, 2.15624309]
        - [0.558337986, 0.729249001, 0.394800007, 0.780079007]
    - - - [-0.173406005, 0.152545005, -0.972075999, -1.51581001]
        - [0.866370976, -0.444155008, -0.224153996, 1.92343998]
        - [-0.466369987, -0.881687999, -0.0553029999, 2.66417289]
      - - [0.120105997, -0.543814003, 0.830228984, -0.219479993]
        - [0.821639001, -0.414503008, -0.390370995, 2.1507771]
        - [0.556640029, 0.729218006, 0.397190988, 0.788900018]
    - - - [-0.186413005, 0.127022997, -0.973387003, -1.49426401]
        - [0.869373977, -0.438766003, -0.223743007, 1.92082]
        - [-0.455868006, -0.888583004, -0.0287139993, 2.67232299]
      - - [0.119599998, -0.545719981, 0.829060018, -0.223156005]
        - [0.822830975, -0.41247499, -0.390195012, 2.14532208]
        - [0.555088997, 0.729035974, 0.39980799, 0.797446012]
    - - - [-0.199719995, 0.101379, -0.973630011, -1.471681]
        - [0.871797979, -0.433562011, -0.223925993, 1.91873896]
        - [-0.445264995, -0.894241989, -0.00182899996, 2.68041801]
      - - [0.119020998, -0.547057986, 0.828139007, -0.226523995]
        - [0.823890984, -0.410652012, -0.389665991, 2.13984799]
        - [0.553480983, 0.728963971, 0.401957989, 0.805742025]
    - - - [-0.213590994, 0.0754700005, -0.973007977, -1.44666004]
        - [0.873866975, -0.428649008, -0.224970996, 1.91656005]
        - [-0.434468001, -0.89912498, 0.0254590008, 2.69086909]
      - - [0.118473001, -0.547138989, 0.828176022, -0.229393005]
        - [0.825056016, -0.409352988, -0.388494015, 2.13432193]
        - [0.551833987, 0.729541004, 0.403075993, 0.813894987]
    - - - [-0.228071004, 0.0492720008, -0.971431017, -1.41816604]
        - [0.87579, -0.423768014, -0.227045, 1.91292298]
        - [-0.423269004, -0.903306007, 0.0534919985, 2.70640612]
      - - [0.117974997, -0.545247972, 0.829508007, -0.231625006]
        - [0.826372027, -0.408915997, -0.386285007, 2.12874699]
        - [0.550015986, 0.731359005, 0.402438998, 0.822233021]
    - - - [-0.243382007, 0.0224569999, -0.968792021, -1.38404799]
        - [0.877506018, -0.418754995, -0.230076, 1.90736902]
        - [-0.411210001, -0.906807005, 0.0821480006, 2.72820091]
      - - [0.117604002, -0.540471017, 0.832777023, -0.232958004]
        - [0.827866971, -0.409411013, -0.382636011, 2.12308192]
        - [0.547967017, 0.734609008, 0.399406999, 0.830621004]
    - - - [-0.259404004, -0.0050590001, -0.964953005, -1.34228694]
        - [0.879051983, -0.413311005, -0.233997002, 1.898803]
        - [-0.397992998, -0.909566998, 0.111613996, 2.75794411]
      - - [0.117374003, -0.532006025, 0.838187993, -0.233135998]
        - [0.829481006, -0.411146998, -0.377092987, 2.11732411]
        - [0.545436025, 0.73972702, 0.393171996, 0.839106023]
    - - - [-0.275887012, -0.0334869996, -0.959860981, -1.29111195]
        - [0.880591989, -0.407608002, -0.238778993, 1.88675499]
        - [-0.383462995, -0.911671996, 0.141904995, 2.79780102]
      - - [0.117302999, -0.519074023, 0.846386015, -0.232048005]
        - [0.831574976, -0.414361, -0.369390011, 2.11145401]
        - [0.542577982, 0.747259021, 0.38311699, 0.848002017]
    - - - [-0.291783005, -0.0624700002, -0.953585029, -1.22795606]
        - [0.881694019, -0.402373999, -0.243377, 1.87116504]
        - [-0.368752003, -0.912373006, 0.172517002, 2.84769392]
      - - [0.117219001, -0.50157702, 0.856742024, -0.229519993]
        - [0.833698988, -0.418781012, -0.359182, 2.10546207]
        - [0.539110005, 0.756560028, 0.369158, 0.856822014]
    - - - [-0.306567997, -0.0914750025, -0.946614981, -1.15311003]
        - [0.882049978, -0.399010986, -0.246977001, 1.85428596]
        - [-0.35541901, -0.91138798, 0.203013003, 2.9062109]
      - - [0.116921999, -0.480468988, 0.868933976, -0.225936994]
        - [0.836143017, -0.424162, -0.347045988, 2.09939003]
        - [0.535456002, 0.767306983, 0.352219999, 0.865918994]
    - - - [-0.320437014, -0.120144002, -0.938771009, -1.06741095]
        - [0.881769001, -0.398124993, -0.249936998, 1.83649397]
        - [-0.343948007, -0.90852499, 0.233591005, 2.96907496]
      - - [0.116465002, -0.455778003, 0.882086992, -0.221200004]
        - [0.838715971, -0.430242985, -0.333014995, 2.09326601]
        - [0.531446993, 0.778832972, 0.332228988, 0.874683976]
    - - - [-0.334017992, -0.148215994, -0.929885983, -0.972889006]
        - [0.880205989, -0.39982, -0.252424985, 1.81968105]
        - [-0.334648997, -0.903524995, 0.264203012, 3.03343201]
      - - [0.115893997, -0.427818, 0.896058023, -0.215555996]
        - [0.84136498, -0.436760008, -0.317333996, 2.08708596]
        - [0.52729398, 0.790971994, 0.309415013, 0.883310974]
    - - - [-0.348085999, -0.175477996, -0.920068026, -0.871321976]
        - [0.877511024, -0.404334992, -0.254754007, 1.804811]
        - [-0.327437013, -0.896697998, 0.294827998, 3.09692907]
      - - [0.115281001, -0.396782011, 0.910382986, -0.209082007]
        - [0.844187975, -0.443507999, -0.300217986, 2.08090305]
        - [0.523059011, 0.80330199, 0.283914, 0.891686022]
    - - - [-0.362697005, -0.201655999, -0.908888996, -0.765052974]
        - [0.87360698, -0.410975993, -0.25730601, 1.792395]
        - [-0.32188201, -0.887951016, 0.325489998, 3.15697503]
      - - [0.114651002, -0.362901002, 0.924409986, -0.201822996]
        - [0.846875012, -0.450217992, -0.281798005, 2.07470703]
        - [0.518617988, 0.815398991, 0.255818993, 0.899365008]
    - - - [-0.377932996, -0.227017999, -0.896614015, -0.65666002]
        - [0.868914008, -0.419207007, -0.260105014, 1.78310895]
        - [-0.31703499, -0.878108025, 0.355922997, 3.21329308]
      - - [0.114102997, -0.326543003, 0.937959015, -0.194012001]
        - [0.84967798, -0.456750005, -0.262364, 2.0685451]
        - [0.514236987, 0.827148974, 0.225406006, 0.906715989]
    - - - [-0.393274009, -0.251708001, -0.883351028, -0.548765004]
        - [0.864009976, -0.427491009, -0.262800992, 1.77632999]
        - [-0.311793, -0.867196977, 0.385928988, 3.26424599]
      - - [0.113668002, -0.287934005, 0.950551987, -0.185727999]
        - [0.852339983, -0.462783992, -0.242131993, 2.06243491]
        - [0.509801984, 0.838033974, 0.192879006, 0.913420975]
    - - - [-0.407559991, -0.276392013, -0.869277, -0.443791986]
        - [0.859736979, -0.434587002, -0.264883012, 1.77147901]
        - [-0.304733008, -0.856068015, 0.41516, 3.30929399]
      - - [0.113476999, -0.247473001, 0.961787999, -0.177082002]
        - [0.854991972, -0.468239009, -0.221328005, 2.05641389]
        - [0.505346, 0.84778899, 0.158496007, 0.919358015]
    - - - [-0.419627011, -0.302049994, -0.855064988, -0.344853997]
        - [0.857555985, -0.438602, -0.26591301, 1.76644397]
        - [-0.294768006, -0.845550001, 0.443502992, 3.34966111]
      - - [0.113573998, -0.205614999, 0.971749008, -0.168356001]
        - [0.857720017, -0.473037988, -0.200314999, 2.05050707]
        - [0.501048982, 0.856517017, 0.122626998, 0.924989998]
    - - - [-0.428375989, -0.327690989, -0.841040015, -0.25029099]
        - [0.857819974, -0.437590003, -0.266387999, 1.75941706]
        - [-0.280975997, -0.836124003, 0.468948007, 3.38516498]
      - - [0.113788001, -0.161043003, 0.979990005, -0.159099996]
        - [0.860186994, -0.47705999, -0.178268, 2.04465508]
        - [0.496381998, 0.863527, 0.0842889994, 0.929385006]
    - - - [-0.434177995, -0.352037013, -0.828351021, -0.157177001]
        - [0.860284984, -0.43265, -0.26702401, 1.75149798]
        - [-0.26443699, -0.829046011, 0.490915, 3.4208169]
      - - [0.113907002, -0.112929001, 0.986853004, -0.149296999]
        - [0.862963021, -0.480493993, -0.154621005, 2.03877497]
        - [0.491737992, 0.869342029, 0.0427719988, 0.933592021]
    - - - [-0.437296003, -0.375171989, -0.816327989, -0.0649930015]
        - [0.863994002, -0.424760997, -0.267632991, 1.74388003]
        - [-0.246421993, -0.82289499, 0.510258973, 3.4545691]
      - - [0.113914996, -0.0619469993, 0.991213024, -0.138894007]
        - [0.86571002, -0.482946992, -0.129639, 2.03291702]
        - [0.486885995, 0.873094976, -0.001391, 0.936962008]
    - - - [-0.438735008, -0.397724986, -0.804868996, 0.0270230006]
        - [0.868336976, -0.415262997, -0.268094003, 1.73770797]
        - [-0.227769002, -0.817056, 0.527930021, 3.486377]
      - - [0.113833003, -0.00879999995, 0.993155003, -0.127994001]
        - [0.868405998, -0.484203994, -0.103831999, 2.02708793]
        - [0.481974006, 0.874561012, -0.0474869981, 0.939637005]
    - - - [-0.439045012, -0.420008987, -0.793174028, 0.119102001]
        - [0.872919023, -0.405515999, -0.268420011, 1.73392296]
        - [-0.209089994, -0.810828984, 0.545087993, 3.51542592]
      - - [0.113700002, 0.0456480011, 0.992102027, -0.116691999]
        - [0.871143997, -0.484205991, -0.0775609985, 2.0213151]
        - [0.477001011, 0.873448014, -0.0948769972, 0.941712976]
    - - - [-0.439042985, -0.442573994, -0.780745983, 0.211539]
        - [0.876990974, -0.396512985, -0.268272996, 1.73318899]
        - [-0.190964997, -0.803129017, 0.562726021, 3.54109907]
      - - [0.113563001, 0.100620002, 0.988097012, -0.105028003]
        - [0.873826981, -0.482795, -0.0512790009, 2.01560712]
        - [0.472045988, 0.869603992, -0.142816007, 0.942991972]
    - - - [-0.439202994, -0.466062993, -0.766830027, 0.304509997]
        - [0.88024497, -0.389577001, -0.267351002, 1.73606598]
        - [-0.174122006, -0.793066978, 0.581891, 3.5633471]
      - - [0.113453999, 0.155250996, 0.980988979, -0.0930930004]
        - [0.876509011, -0.480019987, -0.0254030004, 2.010005]
        - [0.467124999, 0.862999022, -0.190588996, 0.943563998]
    - - - [-0.440122008, -0.491032988, -0.750656009, 0.398194999]
        - [0.882736981, -0.385868013, -0.265044987, 1.74227703]
        - [-0.159537002, -0.77976501, 0.603824973, 3.58314204]
      - - [0.113410003, 0.208737999, 0.971090019, -0.0809570029]
        - [0.87914598, -0.476036996, -0.00035799999, 2.00449204]
        - [0.462292999, 0.853985012, -0.237541005, 0.943450987]
    - - - [-0.442010999, -0.518069029, -0.731341004, 0.492610008]
        - [0.883831978, -0.386557013, -0.260313004, 1.75250399]
        - [-0.147885993, -0.761820972, 0.629224002, 3.60007191]
      - - [0.113502003, 0.26029101, 0.958652973, -0.0687080026]
        - [0.881645977, -0.470854014, 0.0234609991, 1.99911797]
        - [0.457572997, 0.842631996, -0.282949001, 0.942700982]
    - - - [-0.445008993, -0.547312021, -0.707563996, 0.587602973]
        - [0.883576989, -0.39258799, -0.251971006, 1.76666903]
        - [-0.140015006, -0.73783201, 0.658870995, 3.61389995]
      - - [0.113720998, 0.309080005, 0.943889022, -0.0564149991]
        - [0.883938015, -0.464771003, 0.0456710011, 1.99386001]
        - [0.45291099, 0.829415977, -0.326173991, 0.941299021]
    - - - [-0.44838801, -0.579375029, -0.679261982, 0.681806982]
        - [0.882511973, -0.402677, -0.238945007, 1.78393197]
        - [-0.135112002, -0.707193017, 0.692575991, 3.62578893]
      - - [0.114110999, 0.356453001, 0.926993012, -0.0441699997]
        - [0.886089981, -0.457791001, 0.0669310018, 1.98882496]
        - [0.448372006, 0.814109981, -0.368230999, 0.939252973]
    - - - [-0.450695992, -0.614071012, -0.646227002, 0.773304999]
        - [0.88201201, -0.413522989, -0.222016007, 1.80162394]
        - [-0.130934, -0.67060101, 0.72874701, 3.63449407]
      - - [0.114529997, 0.403454989, 0.907391012, -0.0321180001]
        - [0.888378024, -0.449966013, 0.0879570022, 1.98406506]
        - [0.443948001, 0.796306014, -0.410071999, 0.936524987]
    - - - [-0.451873004, -0.651426017, -0.608184993, 0.862609982]
        - [0.88240099, -0.423020005, -0.202452004, 1.81731701]
        - [-0.125497997, -0.628578007, 0.766575992, 3.63635898]
      - - [0.114937998, 0.449494004, 0.885589004, -0.0203019995]
        - [0.890509009, -0.441323012, 0.108409002, 1.97957098]
        - [0.439684004, 0.776378989, -0.451117009, 0.933574975]
    - - - [-0.451586992, -0.689989984, -0.563970029, 0.949191988]
        - [0.883580983, -0.429601014, -0.181660995, 1.82961798]
        - [-0.116984002, -0.580788016, 0.804356992, 3.6252439]
      - - [0.115318, 0.493687004, 0.861518025, -0.00879700016]
        - [0.892360985, -0.431890994, 0.128027007, 1.97540295]
        - [0.435431987, 0.754288018, -0.490505993, 0.929660022]
    - - - [-0.450257987, -0.729013026, -0.513549984, 1.03372705]
        - [0.885704994, -0.433077008, -0.161567003, 1.83808506]
        - [-0.104680002, -0.528017998, 0.84157002, 3.60164499]
      - - [0.115696996, 0.535634995, 0.836063981, 0.00235700002]
        - [0.894262016, -0.422030985, 0.146605, 1.97147703]
        - [0.431508005, 0.730975986, -0.528011024, 0.92562902]
    - - - [-0.448540986, -0.767069995, -0.456990004, 1.11721599]
        - [0.88865298, -0.434100002, -0.143399999, 1.84289706]
        - [-0.0884609967, -0.470739007, 0.876947999, 3.56500602]
      - - [0.116080001, 0.574787974, 0.80971998, 0.013115]
        - [0.896117985, -0.411902994, 0.163929, 1.96781099]
        - [0.427848995, 0.706776023, -0.563033998, 0.921194017]
    - - - [-0.446673006, -0.801814973, -0.394944996, 1.19936395]
        - [0.89123702, -0.433560997, -0.127597004, 1.84572303]
        - [-0.0689319968, -0.409182012, 0.908985972, 3.51620889]
      - - [0.116425, 0.610598028, 0.782984018, 0.0234200004]
        - [0.897687972, -0.401666999, 0.179758996, 1.96440697]
        - [0.424364001, 0.682066023, -0.594996989, 0.91623801]
    - - - [-0.445295006, -0.831997991, -0.328853995, 1.28172398]
        - [0.89338702, -0.43314299, -0.113775998, 1.84802902]
        - [-0.0476699993, -0.344687998, 0.936797023, 3.4607079]
      - - [0.116766997, 0.642859995, 0.756761014, 0.0332680009]
        - [0.899105012, -0.391721994, 0.194002002, 1.96120203]
        - [0.421250999, 0.657867014, -0.623845994, 0.911341012]
    - - - [-0.444584012, -0.855994999, -0.260776013, 1.36461902]
        - [0.894430995, -0.433811009, -0.100832999, 1.85127699]
        - [-0.0268040001, -0.278246999, 0.95927, 3.40220809]
      - - [0.117101997, 0.671104014, 0.731601, 0.0425620005]
        - [0.900260985, -0.382301986, 0.206538007, 1.95820403]
        - [0.418433011, 0.634679019, -0.649158001, 0.906032979]
    - - - [-0.444891006, -0.873425007, -0.193222001, 1.44995701]
        - [0.894554019, -0.436376989, -0.0869619995, 1.85647702]
        - [-0.00841599982, -0.211624995, 0.976396978, 3.34681511]
      - - [0.117499001, 0.695299983, 0.708491027, 0.0513250008]
        - [0.901304007, -0.373748988, 0.217305005, 1.95539606]
        - [0.416036993, 0.613323987, -0.670862973, 0.900699973]
    - - - [-0.446734011, -0.884615004, -0.126264006, 1.53954399]
        - [0.893665016, -0.441206992, -0.070352003, 1.86424303]
        - [0.00656899996, -0.144362003, 0.988586009, 3.2959981]
      - - [0.117817998, 0.715493977, 0.68808502, 0.0594829991]
        - [0.902167976, -0.366264999, 0.226365998, 1.95274305]
        - [0.414130002, 0.594390988, -0.688923001, 0.895483017]
    - - - [-0.449993998, -0.89012599, -0.0586269982, 1.63274395]
        - [0.892013013, -0.447526008, -0.0502809994, 1.87412405]
        - [0.0185570009, -0.074977003, 0.996177018, 3.24678993]
      - - [0.118041001, 0.732174993, 0.670284986, 0.067038998]
        - [0.902863979, -0.359809011, 0.233998999, 1.95026004]
        - [0.412616014, 0.577802002, -0.703756988, 0.890177011]
    - - - [-0.454356998, -0.889953017, 0.00904100016, 1.72724605]
        - [0.889625013, -0.454349011, -0.0266980007, 1.88659799]
        - [0.0278319996, -0.00407100003, 0.99883002, 3.1978581]
      - - [0.118309997, 0.746012986, 0.654932976, 0.0741040036]
        - [0.903409004, -0.354324013, 0.240373999, 1.94793904]
        - [0.411471993, 0.563395023, -0.716018975, 0.885011971]
    - - - [-0.459423989, -0.884037971, 0.0761739984, 1.82020497]
        - [0.886689007, -0.460759997, 0.000151, 1.90164196]
        - [0.0350200012, 0.0677070022, 0.99634099, 3.14738107]
      - - [0.118718997, 0.757458985, 0.641653001, 0.0807169974]
        - [0.903801978, -0.349759012, 0.245661005, 1.94576395]
        - [0.41059801, 0.550904989, -0.726265013, 0.880052984]
    - - - [-0.465065986, -0.872717023, 0.142364994, 1.90950096]
        - [0.883445978, -0.465916991, 0.0296010002, 1.91850305]
        - [0.0405200012, 0.139744997, 0.988502026, 3.09383607]
      - - [0.119354002, 0.766966999, 0.630047977, 0.0869370028]
        - [0.904094994, -0.346049011, 0.249990001, 1.94371796]
        - [0.409853995, 0.539919019, -0.73487401, 0.875056982]
    - - - [-0.47113201, -0.856409013, 0.207194999, 1.99364805]
        - [0.880026996, -0.469231009, 0.0611139983, 1.93678999]
        - [0.0448280014, 0.211429998, 0.975470006, 3.03687906]
      - - [0.120323002, 0.775076985, 0.619794011, 0.0928689986]
        - [0.904160023, -0.343041003, 0.253437996, 1.94182706]
        - [0.409144998, 0.530058026, -0.742276013, 0.870011985]
    - - - [-0.477274001, -0.835084975, 0.270092994, 2.07081008]
        - [0.876426995, -0.470301002, 0.0942780003, 1.95631599]
        - [0.0484069996, 0.282072008, 0.957261026, 2.97699594]
      - - [0.121738002, 0.782239974, 0.610499978, 0.0986009985]
        - [0.904229999, -0.340683997, 0.256173015, 1.94005704]
        - [0.408463001, 0.521009982, -0.749019027, 0.865137994]
    - - - [-0.483720988, -0.809322, 0.330675989, 2.14129591]
        - [0.872802973, -0.469072998, 0.128321007, 1.97635102]
        - [0.0512569994, 0.351060003, 0.934020996, 2.91563201]
      - - [0.123685002, 0.788825989, 0.601692975, 0.104198001]
        - [0.904349983, -0.338858992, 0.258302003, 1.938398]
        - [0.407714009, 0.512346983, -0.755486012, 0.860404015]
    - - - [-0.49031499, -0.779188991, 0.388206989, 2.20469189]
        - [0.869002998, -0.465572, 0.162915006, 1.99662995]
        - [0.0538400002, 0.417739004, 0.906104982, 2.8535769]
      - - [0.126230001, 0.795085013, 0.592810988, 0.109686002]
        - [0.904524982, -0.33742699, 0.259914011, 1.93685102]
        - [0.40674901, 0.503556013, -0.761940002, 0.855592012]
    - - - [-0.497289002, -0.745110989, 0.442373991, 2.26206899]
        - [0.864802003, -0.459847987, 0.197459996, 2.01700902]
        - [0.0563060008, 0.481335014, 0.873773992, 2.79206991]
      - - [0.129454002, 0.801420987, 0.583419979, 0.115121998]
        - [0.904559016, -0.336189985, 0.261036009, 1.93546402]
        - [0.405425996, 0.494156003, -0.768707991, 0.850633025]
    - - - [-0.504503012, -0.707001984, 0.493597001, 2.31403494]
        - [0.860327005, -0.451851994, 0.231882006, 2.03634596]
        - [0.0591880009, 0.542183995, 0.837000012, 2.7314651]
      - - [0.133479998, 0.807394981, 0.574141026, 0.120463997]
        - [0.904614985, -0.335485011, 0.261395991, 1.93422496]
        - [0.403773993, 0.484715998, -0.775466979, 0.845705986]
    - - - [-0.512085021, -0.664825022, 0.542119026, 2.36083603]
        - [0.855642021, -0.441596001, 0.266380996, 2.054111]
        - [0.0623119995, 0.600929976, 0.795738995, 2.67178893]
      - - [0.138301998, 0.812452972, 0.565843999, 0.125603005]
        - [0.904730022, -0.335649014, 0.260735005, 1.93313396]
        - [0.401877999, 0.476099014, -0.781781971, 0.841028988]
    - - - [-0.519900024, -0.618821979, 0.587172985, 2.40258503]
        - [0.850687981, -0.428986013, 0.300868005, 2.07040811]
        - [0.0657930002, 0.656575978, 0.750096977, 2.612468]
      - - [0.143768996, 0.816643, 0.558341026, 0.130529001]
        - [0.904902995, -0.336562991, 0.259214014, 1.93217897]
        - [0.399713993, 0.468154013, -0.787633002, 0.836390018]
    - - - [-0.528047025, -0.569635987, 0.628331006, 2.44001198]
        - [0.845435023, -0.414160013, 0.335018992, 2.08527589]
        - [0.0694840029, 0.708764017, 0.700788975, 2.55410504]
      - - [0.149766997, 0.820209026, 0.551585019, 0.135325]
        - [0.905111015, -0.338095993, 0.256985009, 1.93135405]
        - [0.397363007, 0.46083501, -0.793174982, 0.831934988]
    - - - [-0.536598027, -0.517710984, 0.664941013, 2.47315693]
        - [0.839720011, -0.396970987, 0.368483007, 2.09856892]
        - [0.0733570009, 0.75671798, 0.648189008, 2.49631095]
      - - [0.156154007, 0.823231995, 0.54539597, 0.140009999]
        - [0.905211985, -0.340092003, 0.254184008, 1.930673]
        - [0.394798994, 0.45401001, -0.798386991, 0.827513993]
    - - - [-0.545553029, -0.463822007, 0.69668299, 2.50225902]
        - [0.833499014, -0.377741992, 0.401080996, 2.11061096]
        - [0.0772330016, 0.800217986, 0.593122005, 2.43924189]
      - - [0.162772, 0.82574302, 0.539546013, 0.144600004]
        - [0.905080974, -0.342408001, 0.250950992, 1.93009996]
        - [0.392040998, 0.447600007, -0.803306997, 0.823168993]
    - - - [-0.554942012, -0.408749014, 0.723160028, 2.52775908]
        - [0.826786995, -0.356629997, 0.432797015, 2.12197709]
        - [0.0810979977, 0.838962972, 0.536365986, 2.383075]
      - - [0.169527993, 0.827961028, 0.534013987, 0.149139002]
        - [0.904991984, -0.344965994, 0.247489005, 1.92962599]
        - [0.389205992, 0.441491991, -0.80805397, 0.818885028]
    - - - [-0.565109015, -0.353433013, 0.744323015, 2.55093598]
        - [0.819703996, -0.333911985, 0.46360001, 2.13298702]
        - [0.0847930014, 0.872852027, 0.478756011, 2.32794499]
      - - [0.176289007, 0.829972029, 0.528644025, 0.153642997]
        - [0.904947996, -0.347640008, 0.243953004, 1.929245]
        - [0.386328995, 0.435552001, -0.812640011, 0.814574003]
    - - - [-0.57593298, -0.298610985, 0.759809971, 2.57203007]
        - [0.811806023, -0.30972001, 0.493411988, 2.14447498]
        - [0.0881109983, 0.901786029, 0.421162009, 2.27428102]
      - - [0.182932004, 0.831906974, 0.523293972, 0.158176005]
        - [0.904904008, -0.350295991, 0.240499005, 1.928949]
        - [0.383471012, 0.429699004, -0.817131996, 0.810320973]
    - - - [-0.587719977, -0.245309994, 0.769810975, 2.5924139]
        - [0.80292201, -0.284334987, 0.522405982, 2.15725899]
        - [0.090816997, 0.925961018, 0.364381999, 2.22197104]
      - - [0.189322993, 0.833878994, 0.517822027, 0.162749007]
        - [0.904771984, -0.352797002, 0.237272993, 1.92875898]
        - [0.38063699, 0.423803002, -0.821542025, 0.805990994]
    - - - [-0.600646973, -0.193439007, 0.774464011, 2.61146092]
        - [0.792936981, -0.257458001, 0.550577998, 2.17121911]
        - [0.0929749981, 0.945807993, 0.308299005, 2.17189193]
      - - [0.195732996, 0.835902989, 0.512263, 0.167357996]
        - [0.904650986, -0.355307996, 0.234078005, 1.92866302]
        - [0.377763987, 0.417802989, -0.825990975, 0.801658988]
    - - - [-0.61450398, -0.142728999, 0.774909019, 2.62859201]
        - [0.782235026, -0.228902996, 0.578043997, 2.1853559]
        - [0.0949380025, 0.962186992, 0.252438009, 2.12381601]
      - - [0.202404007, 0.837785006, 0.506694973, 0.171926007]
        - [0.904497027, -0.358011991, 0.230600998, 1.92866898]
        - [0.374668986, 0.411749989, -0.830412984, 0.797280014]
    - - - [-0.628470004, -0.0934780017, 0.771070004, 2.64256692]
        - [0.770736992, -0.198721007, 0.604008973, 2.19910407]
        - [0.0968879983, 0.974685013, 0.197113007, 2.07740998]
      - - [0.209222004, 0.839415014, 0.501137972, 0.176431]
        - [0.904295981, -0.36085999, 0.226898, 1.92876601]
        - [0.371383995, 0.405784994, -0.83475101, 0.792883992]
    - - - [-0.642439008, -0.0461390018, 0.763716996, 2.65423608]
        - [0.758776009, -0.167447999, 0.628138006, 2.2115581]
        - [0.0989309996, 0.983902991, 0.142740995, 2.03267694]
      - - [0.216085002, 0.840812981, 0.495676994, 0.180928007]
        - [0.904025018, -0.363822013, 0.223021001, 1.92895305]
        - [0.367947012, 0.400067002, -0.838971019, 0.78858]
    - - - [-0.656301022, -0.00108800002, 0.753363013, 2.66392899]
        - [0.746599019, -0.135435998, 0.650201976, 2.22245097]
        - [0.101349004, 0.990016997, 0.0897039995, 1.98913801]
      - - [0.222919002, 0.842046022, 0.490511, 0.185422003]
        - [0.903810978, -0.366856992, 0.219006002, 1.92922401]
        - [0.364450991, 0.394674987, -0.84306699, 0.784380972]
    - - - [-0.66970402, 0.0415319987, 0.740197003, 2.67151999]
        - [0.734148026, -0.103084996, 0.669978976, 2.23187995]
        - [0.104213998, 0.99299401, 0.0385340005, 1.94680595]
      - - [0.229623005, 0.843083024, 0.485724002, 0.189913005]
        - [0.903644025, -0.369911999, 0.214889005, 1.92957497]
        - [0.360935986, 0.389717996, -0.846975029, 0.780283988]
    - - - [-0.682878971, 0.0815109983, 0.724915028, 2.67794204]
        - [0.721651018, -0.0708959997, 0.687722027, 2.239815]
        - [0.107671998, 0.993398011, -0.0102819996, 1.90506101]
      - - [0.236067995, 0.843828976, 0.481377006, 0.194352001]
        - [0.903424978, -0.372902989, 0.210688993, 1.930022]
        - [0.357391, 0.385244012, -0.850516975, 0.77610302]
    - - - [-0.695394993, 0.118565001, 0.707391024, 2.68265891]
        - [0.708688974, -0.0396020003, 0.703360975, 2.24667406]
        - [0.111551002, 0.991303027, -0.0565249994, 1.86407495]
      - - [0.242135003, 0.844227016, 0.477499992, 0.198752001]
        - [0.903150022, -0.375806987, 0.206468999, 1.93054402]
        - [0.353848994, 0.381415993, -0.853653014, 0.771920979]
    - - - [-0.707871974, 0.152576998, 0.688260972, 2.68723512]
        - [0.69551599, -0.00943600014, 0.717311025, 2.25279093]
        - [0.116044, 0.987313986, -0.0995910019, 1.82376695]
      - - [0.247766003, 0.844385982, 0.474323988, 0.203135997]
        - [0.902912974, -0.378565997, 0.202252001, 1.93114102]
        - [0.350419015, 0.378311008, -0.856396973, 0.767793]
    - - - [-0.720191002, 0.183274999, 0.667732, 2.69185805]
        - [0.681887984, 0.0192789994, 0.730015993, 2.25906706]
        - [0.121032, 0.981921971, -0.139034003, 1.78422403]
      - - [0.252855003, 0.84424597, 0.471935987, 0.207495004]
        - [0.902705014, -0.38113001, 0.198073, 1.93179905]
        - [0.347144991, 0.376089007, -0.858708978, 0.76374799]
    - - - [-0.732409, 0.210259005, 0.645892978, 2.69666409]
        - [0.667521, 0.0462529995, 0.741850972, 2.26601696]
        - [0.126248002, 0.975522995, -0.174439996, 1.745785]
      - - [0.257393003, 0.843707025, 0.470382005, 0.211838007]
        - [0.902562022, -0.383482993, 0.193926007, 1.93251598]
        - [0.344092995, 0.37478599, -0.86046797, 0.759802997]
    - - - [-0.745047987, 0.233443007, 0.623158991, 2.70210099]
        - [0.652444005, 0.0716179982, 0.753189981, 2.27385092]
        - [0.131393999, 0.968694985, -0.205853, 1.70893002]
      - - [0.261471987, 0.842845023, 0.469698995, 0.216159001]
        - [0.902489007, -0.385724992, 0.189769998, 1.93329203]
        - [0.341233999, 0.374404997, -0.861779988, 0.755921006]
    - - - [-0.757838011, 0.25327599, 0.599592984, 2.7077179]
        - [0.636563003, 0.0954440013, 0.764063001, 2.28257394]
        - [0.136433005, 0.961609006, -0.233870998, 1.67336595]
      - - [0.265145987, 0.841659009, 0.469705999, 0.220420003]
        - [0.902450025, -0.387874007, 0.185599998, 1.93412399]
        - [0.338503003, 0.374796003, -0.862664998, 0.752007008]
    - - - [-0.770637989, 0.270312995, 0.575459003, 2.71362591]
        - [0.619943023, 0.118093997, 0.774653018, 2.29218197]
        - [0.141496003, 0.954627991, -0.258947015, 1.63905299]
      - - [0.268512994, 0.840279996, 0.470306993, 0.224668995]
        - [0.902432024, -0.389950007, 0.181412995, 1.93500698]
        - [0.335895985, 0.375853002, -0.863277972, 0.748188019]
    - - - [-0.783326983, 0.28490299, 0.550697982, 2.71939611]
        - [0.602611005, 0.139819995, 0.78461802, 2.30254602]
        - [0.146704003, 0.947314978, -0.281405002, 1.60568595]
      - - [0.27166, 0.838656008, 0.471323013, 0.228905007]
        - [0.902463019, -0.391912013, 0.177171007, 1.93594003]
        - [0.333389997, 0.377368987, -0.863578975, 0.744461]
    - - - [-0.795836985, 0.297578007, 0.525601029, 2.72526002]
        - [0.584644973, 0.160589993, 0.794266999, 2.31352711]
        - [0.152008995, 0.940164983, -0.302118003, 1.57304001]
      - - [0.274659008, 0.836947978, 0.472685009, 0.233116999]
        - [0.902508974, -0.393817991, 0.172888994, 1.93692601]
        - [0.330936998, 0.379238009, -0.863738, 0.740785003]
    - - - [-0.808067977, 0.308688998, 0.499998003, 2.73106194]
        - [0.566209018, 0.180813, 0.803173006, 2.324651]
        - [0.157643005, 0.932883024, -0.321211994, 1.54098499]
      - - [0.277585, 0.835224986, 0.474265009, 0.237304002]
        - [0.902558982, -0.395696014, 0.168564007, 1.93796206]
        - [0.328496009, 0.381330013, -0.863847971, 0.737158]
    - - - [-0.819894016, 0.318702012, 0.474068999, 2.73620701]
        - [0.547398984, 0.200652003, 0.811574996, 2.33585405]
        - [0.163631007, 0.92554599, -0.339255005, 1.50901794]
      - - [0.280472994, 0.833360016, 0.475800008, 0.241416007]
        - [0.902517021, -0.397496015, 0.164164007, 1.93903601]
        - [0.325985014, 0.383442998, -0.863795996, 0.73348099]
    - - - [-0.830883026, 0.327776015, 0.447564006, 2.74043107]
        - [0.528149009, 0.220258996, 0.818998992, 2.34702706]
        - [0.170058995, 0.917643011, -0.356445014, 1.47724402]
      - - [0.283412993, 0.831461012, 0.477183998, 0.245473996]
        - [0.902447999, -0.399275005, 0.159703001, 1.94013798]
        - [0.32339099, 0.385482997, -0.863757014, 0.729840994]
    - - - [-0.841421008, 0.336492985, 0.420729011, 2.74428606]
        - [0.508871019, 0.239895001, 0.825703979, 2.35767102]
        - [0.177091002, 0.909633994, -0.373367995, 1.44549894]
      - - [0.286496997, 0.829710007, 0.478365988, 0.249512002]
        - [0.902387023, -0.401089996, 0.155185997, 1.94127095]
        - [0.32069701, 0.387344986, -0.863914013, 0.726289988]
    - - - [-0.85146302, 0.344166011, 0.393649995, 2.74770594]
        - [0.489293993, 0.259025991, 0.831705987, 2.36833501]
        - [0.184450999, 0.90149498, -0.389288008, 1.41392195]
      - - [0.28966701, 0.828037977, 0.479454011, 0.253527999]
        - [0.902338028, -0.402918011, 0.150609002, 1.94243395]
        - [0.31793201, 0.38914001, -0.864179015, 0.722827971]
    - - - [-0.86085999, 0.350277007, 0.366649002, 2.75082803]
        - [0.469428003, 0.277199, 0.837211013, 2.37910295]
        - [0.191845, 0.893638015, -0.403436005, 1.38246]
      - - [0.292813003, 0.826252997, 0.480592012, 0.25751999]
        - [0.902310014, -0.404677004, 0.145965993, 1.94362199]
        - [0.315165013, 0.39102301, -0.86431998, 0.71945101]
    - - - [-0.869925976, 0.355145007, 0.339917988, 2.75394201]
        - [0.44945699, 0.294485003, 0.842382014, 2.38975811]
        - [0.199227005, 0.886322021, -0.416236997, 1.35121202]
      - - [0.295924008, 0.824469984, 0.481822014, 0.261485994]
        - [0.902275026, -0.406421006, 0.141286001, 1.94483399]
        - [0.312388986, 0.393050998, -0.864453018, 0.716158986]
    - - - [-0.878338993, 0.358792007, 0.313407987, 2.7564919]
        - [0.429307014, 0.310977995, 0.846885979, 2.40032601]
        - [0.206541002, 0.879112005, -0.427648008, 1.32026601]
      - - [0.298976988, 0.822638988, 0.483099997, 0.265383005]
        - [0.902226985, -0.408145994, 0.136577994, 1.94606698]
        - [0.309583008, 0.395188987, -0.864524007, 0.712861001]
    - - - [-0.886141002, 0.361409992, 0.287124008, 2.75860691]
        - [0.409157008, 0.326896995, 0.850812972, 2.41052294]
        - [0.213801995, 0.872205019, -0.437898993, 1.28976595]
      - - [0.301988989, 0.820738971, 0.484416008, 0.269228995]
        - [0.90219599, -0.40981701, 0.131834999, 1.947317]
        - [0.306771994, 0.397397012, -0.864503026, 0.709598005]
    - - - [-0.893374979, 0.363160998, 0.26118499, 2.76035905]
        - [0.38893801, 0.342238009, 0.854376018, 2.42068291]
        - [0.220961004, 0.865593016, -0.447479993, 1.259758]
      - - [0.304964989, 0.818785012, 0.485771, 0.273036987]
        - [0.902181029, -0.411426991, 0.127061993, 1.94858503]
        - [0.303963989, 0.399670988, -0.864408016, 0.706405997]
    - - - [-0.900143981, 0.364055008, 0.235383004, 2.76199794]
        - [0.368791014, 0.357248008, 0.857124984, 2.43027902]
        - [0.228123993, 0.859103024, -0.456221014, 1.23047197]
      - - [0.307906002, 0.816865027, 0.487203985, 0.27680999]
        - [0.902180016, -0.413008988, 0.122279003, 1.94986606]
        - [0.301165015, 0.402040005, -0.864323974, 0.703293979]
    - - - [-0.906481028, 0.364327997, 0.209791005, 2.76329088]
        - [0.348544002, 0.371995002, 0.859421015, 2.43986011]
        - [0.235200003, 0.852780998, -0.464617997, 1.20202696]
      - - [0.310802996, 0.814970016, 0.488696009, 0.280543]
        - [0.902177989, -0.414559007, 0.117495, 1.95115399]
        - [0.298373014, 0.404500008, -0.864250004, 0.700263023]
    - - - [-0.912199974, 0.363929003, 0.184164003, 2.76407599]
        - [0.328197986, 0.386745006, 0.861030996, 2.44924808]
        - [0.242249995, 0.846521974, -0.47261101, 1.17441106]
      - - [0.313647002, 0.812978029, 0.490162998, 0.284218997]
        - [0.902128994, -0.415998995, 0.112699002, 1.95244706]
        - [0.295574993, 0.406971991, -0.864045978, 0.697284997]
    - - - [-0.917364001, 0.362881988, 0.158425003, 2.76450706]
        - [0.30764699, 0.401492, 0.861751974, 2.45854211]
        - [0.249252006, 0.839962006, -0.480372995, 1.14797497]
      - - [0.316442013, 0.810998023, 0.491665989, 0.287842989]
        - [0.902079999, -0.417387009, 0.107911997, 1.95374596]
        - [0.292784989, 0.409487009, -0.863816023, 0.694356024]
    - - - [-0.922249973, 0.361057997, 0.132489994, 2.76470709]
        - [0.286830008, 0.416175008, 0.861989975, 2.46794009]
        - [0.256309986, 0.833567977, -0.487749994, 1.1221]
      - - [0.319166988, 0.808999002, 0.493164003, 0.291382998]
        - [0.902025998, -0.418736011, 0.103145003, 1.95504701]
        - [0.289992988, 0.412032992, -0.86352998, 0.691399992]
    - - - [-0.926663995, 0.358437985, 0.106613003, 2.76503611]
        - [0.26571101, 0.430530012, 0.861832023, 2.47751403]
        - [0.263226986, 0.827561975, -0.494543999, 1.096614]
      - - [0.321844995, 0.807030022, 0.494679987, 0.294898987]
        - [0.901955009, -0.420038015, 0.0984070003, 1.95634699]
        - [0.287225991, 0.414615005, -0.863241971, 0.688521028]
    - - - [-0.930441022, 0.354927003, 0.0808769986, 2.76465988]
        - [0.244361997, 0.444366992, 0.861039996, 2.48718596]
        - [0.269874007, 0.821559012, -0.500639975, 1.07176995]
      - - [0.32446301, 0.80498302, 0.496131986, 0.298388004]
        - [0.901847005, -0.421238989, 0.0936949998, 1.95764506]
        - [0.284474999, 0.417172998, -0.86282903, 0.685719013]
    - - - [-0.933870018, 0.350672007, 0.0554190017, 2.76446795]
        - [0.222962007, 0.457848012, 0.859669983, 2.49667597]
        - [0.276338995, 0.815889001, -0.50613302, 1.04763901]
      - - [0.327028006, 0.802987993, 0.497592986, 0.301845998]
        - [0.901728988, -0.422405988, 0.0890330002, 1.958938]
        - [0.281753004, 0.419759989, -0.86243099, 0.682991982]
