_sword_blur:
  Attack_Big_End:
    end: 8
    frame_num: 70
    mtx:
    - - - [0.224129006, 0.157547995, 0.961286008, -1.08577394]
        - [-0.87726599, -0.395734012, 0.269335985, 2.36133289]
        - [0.423144996, -0.904242992, 0.0495470017, -0.638562024]
      - - [0.0552939996, -0.384158999, 0.921525002, -0.0964749977]
        - [0.995782018, -0.0455179997, -0.0787239969, 0.891659021]
        - [0.0722000003, 0.922097981, 0.380066007, 0.264995992]
    - - - [0.222289994, 0.0433159992, 0.973573983, -1.07806003]
        - [-0.888199985, -0.401730001, 0.220653996, 2.39017296]
        - [0.400880992, -0.914310992, -0.0509499982, -0.576789021]
      - - [0.0618639998, -0.362726986, 0.929723978, -0.0952240005]
        - [0.991832018, -0.0804999992, -0.0974090025, 0.877864003]
        - [0.110200003, 0.928295016, 0.354837, 0.267798007]
    - - - [0.218903005, -0.0871040002, 0.971294999, -1.05437505]
        - [-0.903042018, -0.393642008, 0.168222994, 2.429389]
        - [0.367906004, -0.914476991, -0.16494, -0.515188992]
      - - [0.068862997, -0.340066999, 0.937771976, -0.0939249992]
        - [0.985683024, -0.121215999, -0.116338, 0.862724006]
        - [0.153264999, 0.932431996, 0.326876998, 0.270696998]
    - - - [0.212830007, -0.228419006, 0.949401975, -1.01713502]
        - [-0.920849979, -0.370196998, 0.117316999, 2.47505593]
        - [0.324892014, -0.899734974, -0.289292008, -0.452142]
      - - [0.076591, -0.316231012, 0.945456982, -0.0925970003]
        - [0.976697981, -0.166425005, -0.134783, 0.846678019]
        - [0.200019002, 0.933835983, 0.296142995, 0.273681998]
    - - - [0.203207999, -0.373403996, 0.90447998, -0.968792975]
        - [-0.939728975, -0.331914991, 0.0739749968, 2.52290702]
        - [0.272733003, -0.865634024, -0.41870901, -0.385811001]
      - - [0.0853329971, -0.291372001, 0.952669978, -0.0912579969]
        - [0.964590013, -0.214852005, -0.152115002, 0.830169022]
        - [0.249063998, 0.932052016, 0.262757987, 0.276742011]
    - - - [0.189514995, -0.513885021, 0.836103022, -0.912191987]
        - [-0.957943976, -0.281785011, 0.0439190008, 2.56942105]
        - [0.213092998, -0.80963099, -0.545943022, -0.314830989]
      - - [0.0953510031, -0.265684992, 0.959257007, -0.0899280012]
        - [0.949377, -0.265188009, -0.167823002, 0.813638985]
        - [0.299014986, 0.926739991, 0.226959005, 0.279866993]
    - - - [0.171721995, -0.641541004, 0.746949971, -0.85057497]
        - [-0.973360002, -0.224923998, 0.0306080002, 2.6111691]
        - [0.148343995, -0.732679009, -0.663406014, -0.238622993]
      - - [0.106852002, -0.239370003, 0.964896977, -0.0886240005]
        - [0.931043983, -0.316080004, -0.181520998, 0.797528028]
        - [0.348524988, 0.917882979, 0.189115003, 0.283046007]
    - - - [0.150324002, -0.75000602, 0.643097997, -0.787594974]
        - [-0.984579027, -0.167573005, 0.0346059985, 2.64607501]
        - [0.0817589983, -0.63883698, -0.764176011, -0.157386005]
      - - [0.120049, -0.212741002, 0.969567001, -0.0873669982]
        - [0.910089016, -0.366286993, -0.193058997, 0.782278001]
        - [0.396317989, 0.905691981, 0.149661005, 0.286267012]
    - - - [0.126282007, -0.836112976, 0.532839, -0.727093995]
        - [-0.991259992, -0.115749002, 0.0531090014, 2.67337894]
        - [0.0172189996, -0.535233974, -0.843926013, -0.072052002]
      - - [0.135131001, -0.186077997, 0.973143995, -0.086172998]
        - [0.887052, -0.414627999, -0.202478006, 0.768330991]
        - [0.441215008, 0.890663028, 0.109040998, 0.289521009]
    - - - [0.10103, -0.899161994, 0.424614996, -0.672609985]
        - [-0.993485987, -0.0735379979, 0.0803560019, 2.69288611]
        - [-0.041184999, -0.430233002, -0.901189983, 0.0162359998]
      - - [0.152299002, -0.159600005, 0.97529, -0.0850619972]
        - [0.862627983, -0.45994401, -0.209988996, 0.756129026]
        - [0.482160002, 0.873349011, 0.0676309988, 0.292795986]
    - - - [0.0764570013, -0.941533983, 0.326613009, -0.627348006]
        - [-0.992564976, -0.0426069982, 0.109384999, 2.70559311]
        - [-0.0892359987, -0.332717001, -0.938260972, 0.106154002]
      - - [0.171812996, -0.133533001, 0.975925982, -0.0840519965]
        - [0.837688029, -0.501353025, -0.216077998, 0.746118009]
        - [0.518248975, 0.854741991, 0.0257229991, 0.29608199]
    - - - [0.0485039987, -0.968786001, 0.241354004, -0.582320988]
        - [-0.99071902, -0.0170290004, 0.130668998, 2.71407604]
        - [-0.122546002, -0.245568007, -0.961161971, 0.196603999]
      - - [0.196208999, -0.107029997, 0.974617004, -0.0831179991]
        - [0.810832024, -0.541046977, -0.222671002, 0.738223016]
        - [0.551235974, 0.834052026, -0.0193780009, 0.299367994]
    - - - [0.0156039996, -0.985337973, 0.166721001, -0.529061973]
        - [-0.989229023, 0.00835200027, 0.141847998, 2.71907592]
        - [-0.141330004, -0.167250007, -0.975160003, 0.286282986]
      - - [0.225786999, -0.0804309994, 0.970695019, -0.0822250023]
        - [0.780227005, -0.581511974, -0.229679003, 0.731956005]
        - [0.583118021, 0.809342027, -0.0685539991, 0.302643001]
    - - - [-0.0169099998, -0.993987978, 0.102256998, -0.47190401]
        - [-0.988130987, 0.0319110006, 0.146473005, 2.71951509]
        - [-0.149009004, -0.098646, -0.983372986, 0.374247015]
      - - [0.25772199, -0.0553760007, 0.964510024, -0.0813800022]
        - [0.746387005, -0.622389972, -0.235172004, 0.727114975]
        - [0.613467991, 0.780623972, -0.119089998, 0.305896014]
    - - - [-0.0449590012, -0.997322977, 0.0471610017, -0.414979994]
        - [-0.987048984, 0.0515509993, 0.147723004, 2.71450901]
        - [-0.149853006, -0.0399370007, -0.987339973, 0.460521996]
      - - [0.289483994, -0.0328829996, 0.956543982, -0.0805910006]
        - [0.710022986, -0.662666023, -0.237707004, 0.723496974]
        - [0.641763985, 0.748059988, -0.168501005, 0.309116989]
    - - - [-0.0657259971, -0.997345984, 0.000844999973, -0.361654997]
        - [-0.986138999, 0.0651639998, 0.148967996, 2.70471597]
        - [-0.148729995, 0.00897399988, -0.988300025, 0.545764029]
      - - [0.319074988, -0.0134439999, 0.94758898, -0.0798640028]
        - [0.672454, -0.701272011, -0.236411005, 0.720899999]
        - [0.667743981, 0.712662995, -0.214724004, 0.312294006]
    - - - [-0.0775209963, -0.995715976, -0.0369670019, -0.314720005]
        - [-0.984933019, 0.0709550008, 0.153900996, 2.69047999]
        - [-0.150705993, 0.0483089983, -0.986892998, 0.630886972]
      - - [0.344929993, 0.00307899993, 0.938503027, -0.0792080015]
        - [0.635100007, -0.736931026, -0.230997995, 0.719120979]
        - [0.691058993, 0.675801992, -0.256175011, 0.315418005]
    - - - [-0.0796580017, -0.994059026, -0.0663110018, -0.276418]
        - [-0.983067989, 0.0677810013, 0.166539997, 2.67320299]
        - [-0.161198005, 0.0784649998, -0.983273983, 0.71766597]
      - - [0.366075993, 0.0173150003, 0.930266976, -0.0786300004]
        - [0.599758029, -0.768646002, -0.221727997, 0.717958987]
        - [0.711407006, 0.639189005, -0.291806012, 0.318477005]
    - - - [-0.0726659968, -0.992940009, -0.0875660032, -0.247695997]
        - [-0.979398012, 0.054818999, 0.191511005, 2.65430808]
        - [-0.185525998, 0.0996659994, -0.977030993, 0.808264971]
      - - [0.382028997, 0.0301869996, 0.923577011, -0.0781370029]
        - [0.568334997, -0.795662999, -0.209124997, 0.717211008]
        - [0.728631973, 0.604830027, -0.321141988, 0.321460992]
    - - - [-0.0574200004, -0.992522001, -0.101742998, -0.229427993]
        - [-0.971089005, 0.0322929993, 0.233723998, 2.63365507]
        - [-0.228900999, 0.112295002, -0.966311991, 0.905492008]
      - - [0.392558992, 0.0427820012, 0.918633997, -0.0777359977]
        - [0.542591989, -0.817209005, -0.193831995, 0.716674984]
        - [0.742542982, 0.574621022, -0.344067991, 0.324357986]
    - - - [-0.0356750004, -0.99259901, -0.111258, -0.221906006]
        - [-0.95400399, 0.000925, 0.29816401, 2.61133289]
        - [-0.296052992, 0.116876997, -0.947458029, 1.012591]
      - - [0.397644013, 0.0562399998, 0.915646017, -0.0774350017]
        - [0.524296999, -0.832834005, -0.176567003, 0.716148019]
        - [0.752866983, 0.550363004, -0.360711992, 0.327151]
    - - - [-0.00974600017, -0.992824018, -0.115082003, -0.221488997]
        - [-0.920018017, -0.0360339992, 0.389100999, 2.58493304]
        - [-0.390635014, 0.109571002, -0.913551986, 1.13622296]
      - - [0.398829013, 0.0721520036, 0.914103985, -0.0772430003]
        - [0.514406025, -0.842786014, -0.157936007, 0.715717971]
        - [0.759097993, 0.533245981, -0.373268008, 0.329872012]
    - - - [0.0159189999, -0.992956996, -0.112774998, -0.222083002]
        - [-0.861241996, -0.0707120001, 0.50217402, 2.54905105]
        - [-0.506923974, 0.0892269984, -0.856666982, 1.27781904]
      - - [0.39803499, 0.0911469981, 0.912747025, -0.0771550015]
        - [0.511849999, -0.847719014, -0.138597995, 0.715642989]
        - [0.761214018, 0.522377014, -0.38409099, 0.332536012]
    - - - [0.0361820012, -0.992829978, -0.108501002, -0.220765993]
        - [-0.77224499, -0.0966129974, 0.626984, 2.49791408]
        - [-0.633383989, 0.0610960014, -0.770690024, 1.43249798]
      - - [0.395624012, 0.112406999, 0.911346972, -0.0771630034]
        - [0.515397012, -0.848457992, -0.119102001, 0.715976]
        - [0.760066986, 0.516893983, -0.393656999, 0.33513701]
    - - - [0.0474030003, -0.992856979, -0.104367003, -0.215825006]
        - [-0.651292026, -0.109944999, 0.750178993, 2.42700601]
        - [-0.756743014, 0.0323880017, -0.652154982, 1.59373403]
      - - [0.391739994, 0.135095, 0.910046995, -0.0772569999]
        - [0.523823977, -0.845879018, -0.0999300033, 0.716772974]
        - [0.756362021, 0.515893996, -0.402164012, 0.337666988]
    - - - [0.0473860018, -0.993221998, -0.100927003, -0.206120998]
        - [-0.501161993, -0.110999003, 0.85757798, 2.33339]
        - [-0.863497972, 0.00990500022, -0.503238022, 1.75349903]
      - - [0.386301994, 0.158287004, 0.90852797, -0.0774269998]
        - [0.535713017, -0.840270996, -0.0814379975, 0.718087971]
        - [0.750715017, 0.518247008, -0.409456015, 0.340122014]
    - - - [0.036150001, -0.993984997, -0.0974140018, -0.191661]
        - [-0.329984009, -0.103855997, 0.937641978, 2.21806407]
        - [-0.942740977, -0.00168700004, -0.331894994, 1.904109]
      - - [0.37944901, 0.181045994, 0.907166004, -0.0776640028]
        - [0.549898982, -0.832606018, -0.0638609976, 0.719974995]
        - [0.74395901, 0.523157001, -0.415547997, 0.342494011]
    - - - [0.015834, -0.994912982, -0.0929780006, -0.173420995]
        - [-0.149317995, -0.0942760035, 0.983666003, 2.084337]
        - [-0.988112986, -0.00170499994, -0.150061995, 2.0390141]
      - - [0.371262997, 0.202528998, 0.906017005, -0.0779569969]
        - [0.564994991, -0.823547006, -0.0474539995, 0.722487986]
        - [0.73672998, 0.529582024, -0.420233995, 0.344778001]
    - - - [-0.00946899969, -0.995666027, -0.0871400014, -0.153446004]
        - [0.0282230005, -0.0873849988, 0.995316029, 1.93760896]
        - [-0.999099016, 0.00687099993, 0.0290040001, 2.15365791]
      - - [0.362053007, 0.221904993, 0.905225992, -0.0782980025]
        - [0.579735994, -0.813989997, -0.0323739983, 0.72568202]
        - [0.729820013, 0.536575019, -0.423402011, 0.346967995]
    - - - [-0.0347050019, -0.995703995, -0.0803920031, -0.134323001]
        - [0.191357002, -0.0854789987, 0.977284014, 1.78401899]
        - [-0.980482996, 0.0184860006, 0.193604007, 2.24593711]
      - - [0.352310002, 0.238417998, 0.904946983, -0.0786769986]
        - [0.592916012, -0.804982007, -0.0187459998, 0.72961098]
        - [0.724075019, 0.543205023, -0.424998999, 0.349056005]
    - - - [-0.0547720008, -0.995271981, -0.0737610012, -0.118331]
        - [0.331752986, -0.0877119973, 0.938677013, 1.63013196]
        - [-0.941241026, 0.0269809999, 0.335206985, 2.31587911]
      - - [0.342572004, 0.251448005, 0.905152977, -0.0790830031]
        - [0.603217006, -0.797451973, -0.0068049999, 0.734331012]
        - [0.720175028, 0.54834801, -0.424872994, 0.351038992]
    - - - [-0.0665640011, -0.99475503, -0.068690002, -0.109526999]
        - [0.457406998, -0.0916709974, 0.883857012, 1.46860301]
        - [-0.886084974, 0.0274490006, 0.461531997, 2.3680861]
      - - [0.331764013, 0.261189014, 0.906333983, -0.0795650035]
        - [0.612416029, -0.790329993, 0.00355100003, 0.739935994]
        - [0.717414021, 0.553933978, -0.422205001, 0.352894008]
    - - - [-0.0712260008, -0.994765997, -0.0644719973, -0.107914001]
        - [0.577576995, -0.0937429965, 0.810211003, 1.29020202]
        - [-0.812505007, 0.0204579998, 0.58159399, 2.40161109]
      - - [0.318668991, 0.268467009, 0.908964992, -0.0801599994]
        - [0.622687995, -0.782212973, 0.0126609998, 0.746424019]
        - [0.714495003, 0.562032998, -0.416487992, 0.35462001]
    - - - [-0.0699490011, -0.995305002, -0.0589409992, -0.110009998]
        - [0.688160002, -0.0908830017, 0.719124973, 1.10026205]
        - [-0.721476018, 0.00977099966, 0.691694021, 2.41089511]
      - - [0.303792, 0.273398995, 0.912541986, -0.0808409974]
        - [0.633435011, -0.77334398, 0.0207950007, 0.753700018]
        - [0.711549997, 0.571779013, -0.408158004, 0.356231987]
    - - - [-0.0641039982, -0.996192992, -0.0507530011, -0.113217004]
        - [0.784982026, -0.081724003, 0.613393009, 0.906166017]
        - [-0.615374982, -0.000498000009, 0.787590981, 2.39168191]
      - - [0.287694991, 0.276253998, 0.916903019, -0.0815809965]
        - [0.644113004, -0.764286995, 0.0281789992, 0.761671007]
        - [0.708709002, 0.582517982, -0.397845, 0.357746005]
    - - - [-0.0548820011, -0.99722898, -0.0392820016, -0.115983002]
        - [0.864347994, -0.0670719966, 0.497464001, 0.716961026]
        - [-0.498874009, -0.00666399999, 0.866014004, 2.34356403]
      - - [0.270994991, 0.277318001, 0.921689987, -0.0823530033]
        - [0.654204011, -0.755433023, 0.0349619985, 0.770241976]
        - [0.70607698, 0.593499005, -0.386141002, 0.359178007]
    - - - [-0.0433409996, -0.998221993, -0.0246079993, -0.11772]
        - [0.924118996, -0.0494089983, 0.377490997, 0.542044997]
        - [-0.378149003, -0.00644000014, 0.925158978, 2.26985598]
      - - [0.254357994, 0.276928008, 0.926509023, -0.0831310004]
        - [0.663233995, -0.74713701, 0.0412280001, 0.779318988]
        - [0.703781009, 0.604032993, -0.373724014, 0.360545009]
    - - - [-0.0307340007, -0.999060988, -0.00762599986, -0.118450001]
        - [0.964577019, -0.0315870009, 0.260387003, 0.389001995]
        - [-0.260488003, 0.000760000024, 0.964953005, 2.1778841]
      - - [0.238556996, 0.275516987, 0.931128025, -0.0838890001]
        - [0.670930982, -0.739875019, 0.0470120013, 0.788806975]
        - [0.701992989, 0.613536, -0.361371011, 0.361862004]
    - - - [-0.0182329994, -0.999252021, 0.0108190002, -0.118142001]
        - [0.987459004, -0.0162659995, 0.153341994, 0.26326099]
        - [-0.153069004, 0.0135279996, 0.987519979, 2.07830095]
      - - [0.224359006, 0.273573995, 0.935270011, -0.0846000016]
        - [0.676997006, -0.734007001, 0.0522649996, 0.798613012]
        - [0.700848997, 0.621461987, -0.349896997, 0.363144994]
    - - - [-0.00700000022, -0.99901098, 0.0293300003, -0.117027]
        - [0.997370005, -0.00508600008, 0.063004002, 0.166281998]
        - [-0.0627660006, 0.0298469998, 0.997012973, 1.98349798]
      - - [0.212538004, 0.271577001, 0.938521981, -0.085235998]
        - [0.681136012, -0.729725003, 0.0568820015, 0.80864203]
        - [0.700480998, 0.627254009, -0.340119988, 0.364410996]
    - - - [0.00166199997, -0.998421013, 0.0469290018, -0.114669003]
        - [0.999469995, 0.00143399998, -0.00483100023, 0.0969019979]
        - [0.00488599995, 0.0470740013, 0.998336017, 1.90603995]
      - - [0.203923002, 0.270099998, 0.940886021, -0.085777998]
        - [0.683227003, -0.727491975, 0.0607369989, 0.818800986]
        - [0.701023996, 0.630509019, -0.332922012, 0.365675002]
    - - - [0.00760299992, -0.997503996, 0.0613920018, -0.112792999]
        - [0.998356998, 0.00487100007, -0.0455779992, 0.0520129986]
        - [0.0453430004, 0.0617109984, 0.996488988, 1.854105]
      - - [0.198479995, 0.268813014, 0.942358971, -0.0862450004]
        - [0.683444977, -0.727007985, 0.0634230003, 0.829487026]
        - [0.702363014, 0.631556988, -0.328065008, 0.366923004]
    - - - [0.0114799999, -0.996749997, 0.0711349994, -0.113402002]
        - [0.997470021, 0.00712599978, -0.0607450008, 0.0257709995]
        - [0.0602059998, 0.0717739984, 0.994971991, 1.82642496]
      - - [0.195507005, 0.267095, 0.943481982, -0.0866869986]
        - [0.682341993, -0.727967024, 0.0646869987, 0.841021001]
        - [0.704297006, 0.631219029, -0.324618012, 0.368131012]
    - - - [0.0130200004, -0.996513009, 0.0769570023, -0.115404002]
        - [0.998125017, 0.00880200043, -0.0547429994, 0.0128410002]
        - [0.0540740006, 0.0775759965, 0.995149016, 1.81991899]
      - - [0.194638997, 0.264982015, 0.944269001, -0.0870969966]
        - [0.680022001, -0.730181992, 0.0647479966, 0.853187978]
        - [0.706829011, 0.629608989, -0.322360009, 0.369300991]
    - - - [0.0123690004, -0.996089995, 0.0795100033, -0.118234999]
        - [0.99871403, 0.0098890001, -0.0320260003, 0.0109569998]
        - [0.0313020013, 0.0799740031, 0.995631993, 1.82962704]
      - - [0.195488006, 0.262524992, 0.944769979, -0.0874719992]
        - [0.67652601, -0.733449996, 0.0638160035, 0.865774989]
        - [0.709887981, 0.626779974, -0.321034014, 0.370433986]
    - - - [0.00991399959, -0.996235013, 0.0798769966, -0.121136002]
        - [0.99938798, 0.0102270003, 0.00292799994, 0.0164650008]
        - [-0.0036259999, 0.0799219981, 0.996286988, 1.85141206]
      - - [0.197688997, 0.259746999, 0.945077002, -0.0878039971]
        - [0.672006011, -0.737700999, 0.0621620007, 0.878569007]
        - [0.713526011, 0.622892976, -0.320430994, 0.371529996]
    - - - [0.00607499992, -0.99633503, 0.078801997, -0.123772003]
        - [0.998264015, 0.0097500002, 0.0457979999, 0.0278200004]
        - [-0.0462389998, 0.0785090029, 0.995226979, 1.87970805]
      - - [0.200867996, 0.256680012, 0.945288002, -0.0880879983]
        - [0.666577995, -0.742841005, 0.0600440018, 0.891355991]
        - [0.717749, 0.618072987, -0.320324004, 0.372590005]
    - - - [0.00143099995, -0.996446013, 0.0771640018, -0.125856996]
        - [0.995128989, 0.00850300025, 0.0920369998, 0.0419769995]
        - [-0.0923279971, 0.0767429993, 0.992229998, 1.91013896]
      - - [0.204621002, 0.253322005, 0.945361972, -0.0883190036]
        - [0.660251975, -0.748664975, 0.0577079989, 0.903922021]
        - [0.722558022, 0.61243701, -0.320484012, 0.37361601]
    - - - [-0.003547, -0.996634007, 0.0756969973, -0.127265006]
        - [0.989983022, 0.00689100008, 0.137458995, 0.0560749993]
        - [-0.137499005, 0.0754910037, 0.98714298, 1.93791103]
      - - [0.208566993, 0.249757007, 0.945455015, -0.0884910002]
        - [0.653105974, -0.755050004, 0.0553649999, 0.916055024]
        - [0.727860987, 0.606023014, -0.320643008, 0.374606997]
    - - - [-0.00821899995, -0.996671021, 0.0750840008, -0.128086999]
        - [0.983511984, 0.00534000015, 0.177845001, 0.0669770017]
        - [-0.177684993, 0.0754199997, 0.980627, 1.95890105]
      - - [0.212364003, 0.246033996, 0.945681989, -0.0885989964]
        - [0.645316005, -0.761946023, 0.0532739982, 0.927540004]
        - [0.733694971, 0.598966002, -0.320587993, 0.375566006]
    - - - [-0.0118859997, -0.996443987, 0.0762260035, -0.128471002]
        - [0.977268994, 0.00428800005, 0.209382996, 0.0711300001]
        - [-0.208983004, 0.0769679993, 0.974421024, 1.96926105]
      - - [0.215652004, 0.242119998, 0.945856988, -0.0886360034]
        - [0.636924982, -0.769053996, 0.051651001, 0.938163996]
        - [0.740090013, 0.59137702, -0.320100993, 0.376493007]
    - - - [-0.0151519999, -0.996401012, 0.0783570036, -0.128656998]
        - [0.971170008, 0.00382300001, 0.236469999, 0.0705690011]
        - [-0.235889003, 0.0796810016, 0.968136013, 1.97216594]
      - - [0.218799993, 0.237896994, 0.946173012, -0.0886240005]
        - [0.627260983, -0.776960015, 0.0502730012, 0.948171973]
        - [0.747307003, 0.582575023, -0.319265008, 0.377389014]
    - - - [-0.0189449992, -0.996204019, 0.0803999975, -0.128859997]
        - [0.963606, 0.00312600005, 0.265828997, 0.0701500028]
        - [-0.265071005, 0.0825179964, 0.960316002, 1.97439897]
      - - [0.222365007, 0.233065993, 0.946596026, -0.0885820016]
        - [0.615975976, -0.786128998, 0.0488590002, 0.957921028]
        - [0.755677998, 0.572251022, -0.318390012, 0.37825501]
    - - - [-0.0236549992, -0.995851994, 0.0819879994, -0.128913999]
        - [0.954316974, 0.001834, 0.296815008, 0.0706060007]
        - [-0.295819014, 0.0852840021, 0.950896978, 1.97575796]
      - - [0.226078004, 0.227724001, 0.947027981, -0.088496998]
        - [0.603196025, -0.796010017, 0.0473619998, 0.96736598]
        - [0.764743984, 0.56061703, -0.317368001, 0.379092008]
    - - - [-0.0293569993, -0.995580018, 0.0828370005, -0.128913999]
        - [0.943719029, -0.000492000021, 0.328947991, 0.0720549971]
        - [-0.327520013, 0.0878480002, 0.940204978, 1.97674298]
      - - [0.229837999, 0.221913993, 0.94748199, -0.0883589983]
        - [0.589468002, -0.806361973, 0.0458710007, 0.97646302]
        - [0.774353027, 0.548008978, -0.31616801, 0.379900008]
    - - - [-0.0361980014, -0.99535203, 0.082558997, -0.128740996]
        - [0.931617975, -0.00386500009, 0.361443996, 0.0750499964]
        - [-0.359490007, 0.0901300013, 0.928116977, 1.97737598]
      - - [0.233422995, 0.215799004, 0.94798702, -0.0881569982]
        - [0.57494998, -0.816793025, 0.0443379991, 0.98516798]
        - [0.784078002, 0.534762025, -0.314770997, 0.380681008]
    - - - [-0.043912001, -0.995245993, 0.0811410025, -0.128456995]
        - [0.918578982, -0.00845399965, 0.393752009, 0.0794119984]
        - [-0.391306996, 0.0919580013, 0.915063024, 1.97840595]
      - - [0.236763999, 0.209494993, 0.948621988, -0.0878780037]
        - [0.56012398, -0.827144027, 0.0428190008, 0.993436992]
        - [0.793736994, 0.521273017, -0.313219994, 0.38143599]
    - - - [-0.0522539988, -0.994965971, 0.0784379989, -0.127936006]
        - [0.90437597, -0.0139589999, 0.425276011, 0.0858410001]
        - [-0.422154009, 0.0932969972, 0.901125014, 1.97982097]
      - - [0.239804998, 0.203095004, 0.949232996, -0.0875120014]
        - [0.54539597, -0.837056994, 0.0413299985, 1.00122499]
        - [0.803125978, 0.50782901, -0.311518013, 0.382165015]
    - - - [-0.0607340001, -0.994736016, 0.0745870024, -0.127357006]
        - [0.889258027, -0.0201009996, 0.455318004, 0.0943249986]
        - [-0.451588005, 0.0941279978, 0.886497974, 1.98193896]
      - - [0.242437005, 0.196838006, 0.949847996, -0.0870480016]
        - [0.530982018, -0.846247017, 0.039797999, 1.00848806]
        - [0.811842024, 0.494776994, -0.309724987, 0.382869989]
    - - - [-0.0688019991, -0.994645, 0.0699139982, -0.126696005]
        - [0.874173999, -0.0264519993, 0.483673006, 0.104312003]
        - [-0.479362011, 0.0944449976, 0.871881008, 1.98585999]
      - - [0.244774997, 0.190843001, 0.950567007, -0.0864740014]
        - [0.517508984, -0.854746997, 0.0383209996, 1.01518095]
        - [0.819869995, 0.482547998, -0.307983994, 0.383551002]
    - - - [-0.0759409964, -0.994391024, 0.0646729991, -0.125897005]
        - [0.858922005, -0.0324519984, 0.509671986, 0.116478004]
        - [-0.504954994, 0.0943330005, 0.857285023, 1.99158502]
      - - [0.246753007, 0.185306996, 0.951029003, -0.085777998]
        - [0.50515902, -0.862024009, 0.0368620008, 1.02126098]
        - [0.826889992, 0.471395999, -0.306362987, 0.38420099]
    - - - [-0.0815220028, -0.994340003, 0.0593769997, -0.125221997]
        - [0.843755007, -0.0373000018, 0.53433001, 0.130256996]
        - [-0.529311001, 0.0936999992, 0.842537999, 1.99969399]
      - - [0.248692006, 0.180178002, 0.951622009, -0.0850099996]
        - [0.493878007, -0.868736982, 0.0354010016, 1.02669501]
        - [0.83316803, 0.461183012, -0.305034995, 0.384835988]
    - - - [-0.0855759978, -0.994222999, 0.0540289991, -0.124609999]
        - [0.827642977, -0.0408670008, 0.558474004, 0.146342993]
        - [-0.553309023, 0.0925789997, 0.827009022, 2.00949907]
      - - [0.250595987, 0.175266996, 0.951960981, -0.084206]
        - [0.482919991, -0.874822974, 0.0338860005, 1.03151095]
        - [0.838926017, 0.451296985, -0.303912997, 0.385444999]
    - - - [-0.0882589966, -0.994435012, 0.0487960018, -0.124077]
        - [0.811311007, -0.0434800014, 0.582131028, 0.163955003]
        - [-0.576952994, 0.0910639986, 0.811100006, 2.02105689]
      - - [0.252530992, 0.170533001, 0.952364981, -0.0833410025]
        - [0.472498, -0.880658984, 0.0324140005, 1.03575599]
        - [0.844365001, 0.441805989, -0.302971005, 0.386029989]
    - - - [-0.0898910016, -0.994498014, 0.0436500013, -0.123461001]
        - [0.794368982, -0.0451969989, 0.604695976, 0.183190003]
        - [-0.599627018, 0.0891970024, 0.79460299, 2.03361201]
      - - [0.254312009, 0.165984005, 0.952636003, -0.0823910013]
        - [0.462345004, -0.885981023, 0.0308940001, 1.03947496]
        - [0.849343002, 0.432655007, -0.302103013, 0.386588991]
    - - - [-0.0907189995, -0.994756997, 0.0387500003, -0.122741997]
        - [0.777634025, -0.0464019999, 0.626339972, 0.203346997]
        - [-0.621374011, 0.0870959982, 0.778106987, 2.04714489]
      - - [0.256007999, 0.161555007, 0.95301199, -0.0813279971]
        - [0.452665001, -0.891094983, 0.0294150002, 1.04271495]
        - [0.854065001, 0.423871994, -0.301263005, 0.387124002]
    - - - [-0.0909539983, -0.99474901, 0.0341290012, -0.121944003]
        - [0.760703981, -0.0473719984, 0.646450996, 0.224739]
        - [-0.641633987, 0.0848750025, 0.761587977, 2.0609591]
      - - [0.257490993, 0.157181993, 0.953253984, -0.0801279992]
        - [0.443300009, -0.895771027, 0.0279619992, 1.04551995]
        - [0.858548999, 0.415439993, -0.300375998, 0.387634993]
    - - - [-0.0910319984, -0.994938016, 0.0296759997, -0.120954998]
        - [0.744433999, -0.0482699983, 0.665091991, 0.246531993]
        - [-0.660543025, 0.082768999, 0.745498002, 2.07502007]
      - - [0.258738011, 0.152934, 0.953670979, -0.0787649974]
        - [0.434282005, -0.900255978, 0.0264870003, 1.04793799]
        - [0.862724006, 0.407332987, -0.299364001, 0.388121009]
    - - - [-0.0912519991, -0.995009005, 0.0254439991, -0.119753003]
        - [0.728784025, -0.0493960008, 0.682090998, 0.268543005]
        - [-0.677721977, 0.0808480009, 0.730176985, 2.08920193]
      - - [0.259689987, 0.148678005, 0.954060972, -0.0772129968]
        - [0.425579995, -0.904425025, 0.0250550006, 1.05001295]
        - [0.866770983, 0.399574995, -0.298184007, 0.388581991]
    - - - [-0.0919160023, -0.995097995, 0.0213370007, -0.118368998]
        - [0.714174986, -0.0510109998, 0.697335005, 0.290565997]
        - [-0.693089008, 0.0793559998, 0.715911984, 2.10306907]
      - - [0.260322005, 0.144413993, 0.954523981, -0.0754470006]
        - [0.417210996, -0.908358991, 0.0236489996, 1.05179095]
        - [0.870694995, 0.392129004, -0.296752006, 0.389019012]
    start: 1
  Attack_Horse_Spin_End:
    end: 10
    frame_num: 100
    mtx:
    - - - [0.183002993, 0.547008991, -0.816142976, -1.88480794]
        - [0.954810977, 0.0967660025, 0.278908014, 1.64095795]
        - [0.231696993, -0.83080399, -0.504981995, 0.543928981]
      - - [-0.239791006, 0.0888980031, 0.966614008, -0.0857700035]
        - [0.739075005, -0.628749013, 0.241176993, 1.06735694]
        - [0.629356027, 0.772311985, 0.0850740001, -0.110996999]
    - - - [0.176119998, 0.510194004, -0.841111004, -1.88053]
        - [0.94304198, 0.155678004, 0.291866004, 1.62583494]
        - [0.280063003, -0.845135987, -0.454037994, 0.575200021]
      - - [-0.236632004, 0.092035003, 0.967101991, -0.0845810026]
        - [0.740904987, -0.626657009, 0.240943998, 1.06737399]
        - [0.62836802, 0.773657978, 0.0801099986, -0.111139998]
    - - - [0.171542004, 0.46745199, -0.866581023, -1.87372994]
        - [0.928247988, 0.216331005, 0.300366998, 1.61176503]
        - [0.327978998, -0.856387019, -0.397026986, 0.612940013]
      - - [-0.233692005, 0.0956949964, 0.967489004, -0.083453998]
        - [0.742280006, -0.624966979, 0.241143003, 1.06739199]
        - [0.627840996, 0.77461499, 0.0750290006, -0.111259997]
    - - - [0.171014994, 0.420462012, -0.89022702, -1.86414194]
        - [0.910435021, 0.276452005, 0.305406988, 1.60093796]
        - [0.374821991, -0.863313019, -0.335785002, 0.654506028]
      - - [-0.230877995, 0.0996479988, 0.967733026, -0.0823620036]
        - [0.743394017, -0.623462021, 0.241570994, 1.06740999]
        - [0.627575994, 0.775272012, 0.0698750019, -0.111364998]
    - - - [0.175455004, 0.371890992, -0.910911024, -1.85262704]
        - [0.889820993, 0.334627986, 0.307944, 1.59439194]
        - [0.41959399, -0.865059018, -0.272383988, 0.697031021]
      - - [-0.228094995, 0.103687003, 0.967993975, -0.0812790021]
        - [0.744441986, -0.622058988, 0.242064998, 1.06742895]
        - [0.627376974, 0.775876999, 0.0647030026, -0.111466996]
    - - - [0.184626997, 0.323951989, -0.92730099, -1.83944499]
        - [0.86688, 0.389705002, 0.308687001, 1.59230697]
        - [0.461618006, -0.861301005, -0.208975002, 0.737878978]
      - - [-0.225238994, 0.107594997, 0.968293011, -0.0801789984]
        - [0.745602012, -0.620582998, 0.242424995, 1.06744897]
        - [0.627045989, 0.776585996, 0.0595580004, -0.111575998]
    - - - [0.197699994, 0.278647006, -0.93908298, -1.82493198]
        - [0.842127025, 0.441013992, 0.308126986, 1.59400594]
        - [0.500303984, -0.852419972, -0.147611007, 0.774794996]
      - - [-0.222197995, 0.111146003, 0.968548, -0.0790340006]
        - [0.747033, -0.618791997, 0.242416993, 1.067469]
        - [0.626387, 0.777481973, 0.054471001, -0.111702003]
    - - - [0.213559002, 0.237472996, -0.946779013, -1.81037402]
        - [0.816227019, 0.487987995, 0.306501001, 1.59821701]
        - [0.535246015, -0.838964999, -0.0897520036, 0.806199014]
      - - [-0.218885005, 0.114143997, 0.968897998, -0.0778179988]
        - [0.748980999, -0.61658901, 0.241859004, 1.06748998]
        - [0.625202, 0.778739989, 0.0494769998, -0.111855]
    - - - [0.231071994, 0.201096997, -0.95114398, -1.79654002]
        - [0.790179014, 0.530730009, 0.304170996, 1.60329795]
        - [0.566407025, -0.822578013, -0.0364109986, 0.831808984]
      - - [-0.215188995, 0.116398998, 0.969467998, -0.0765049979]
        - [0.751643002, -0.613865972, 0.240560994, 1.06751096]
        - [0.623293996, 0.780568004, 0.044613, -0.112046003]
    - - - [0.249348998, 0.169516996, -0.95282501, -1.78363299]
        - [0.764369011, 0.568903983, 0.301238, 1.60751402]
        - [0.593406975, -0.804023981, 0.0122560002, 0.851517022]
      - - [-0.210995004, 0.117720999, 0.970319986, -0.075067997]
        - [0.755216002, -0.610469997, 0.238308996, 1.06753302]
        - [0.620464981, 0.783125997, 0.0399039984, -0.112285003]
    - - - [0.268081009, 0.142098993, -0.95234102, -1.77156401]
        - [0.739524007, 0.602517009, 0.298083991, 1.60909605]
        - [0.616403997, -0.784695983, 0.0564210005, 0.866155028]
      - - [-0.206153005, 0.117904998, 0.971297026, -0.0734800026]
        - [0.759806991, -0.606114984, 0.234836996, 1.06755495]
        - [0.616518974, 0.786487997, 0.0353710018, -0.112582996]
    - - - [0.28659901, 0.117320001, -0.950285971, -1.760131]
        - [0.71696502, 0.631048977, 0.294151008, 1.60696197]
        - [0.634597003, -0.766098022, 0.0968089998, 0.877076983]
      - - [-0.200516, 0.117109999, 0.972513974, -0.0716879964]
        - [0.765380025, -0.600769997, 0.230153993, 1.067577]
        - [0.611389995, 0.790610015, 0.0308350008, -0.112948]
    - - - [0.305460006, 0.0932580009, -0.947115004, -1.74892402]
        - [0.697013021, 0.655296028, 0.289337009, 1.60151505]
        - [0.647904992, -0.748883009, 0.135225996, 0.887040019]
      - - [-0.194132999, 0.115686998, 0.974047005, -0.0696899965]
        - [0.771839023, -0.594689012, 0.224479005, 1.06760001]
        - [0.605319023, 0.795404017, 0.0261579994, -0.113375001]
    - - - [0.326220989, 0.0690390021, -0.942067027, -1.73594403]
        - [0.678399026, 0.676239014, 0.284469992, 1.59371603]
        - [0.657218993, -0.732492983, 0.17385, 0.898801982]
      - - [-0.187060997, 0.113688998, 0.975646973, -0.0675359964]
        - [0.778919995, -0.587870002, 0.217855006, 1.06762195]
        - [0.598437011, 0.800818026, 0.0214159992, -0.113853]
    - - - [0.350374997, 0.0445020013, -0.934800982, -1.72091603]
        - [0.660359979, 0.695434988, 0.280625999, 1.58495104]
        - [0.663079023, -0.716187, 0.214451998, 0.914695978]
      - - [-0.179410994, 0.111174002, 0.977392972, -0.0652759969]
        - [0.786545992, -0.58039999, 0.210410997, 1.06764495]
        - [0.590759993, 0.806572974, 0.0166880004, -0.114370003]
    - - - [0.379083991, 0.0198379997, -0.924347997, -1.70245802]
        - [0.641525984, 0.713748991, 0.278414011, 1.57649803]
        - [0.665924013, -0.699030995, 0.258013994, 0.935838997]
      - - [-0.171268001, 0.108198002, 0.979121029, -0.0629620031]
        - [0.794498026, -0.572327971, 0.202226996, 1.06766796]
        - [0.582422972, 0.812655985, 0.0120599996, -0.114912003]
    - - - [0.412896007, -0.00411200011, -0.910124004, -1.68057299]
        - [0.620543003, 0.732163012, 0.278221995, 1.56957603]
        - [0.665732026, -0.680042028, 0.305115998, 0.962981999]
      - - [-0.162771001, 0.104831003, 0.980967999, -0.0606429987]
        - [0.802770972, -0.563870013, 0.193453997, 1.06769001]
        - [0.573544025, 0.819045007, 0.00762799988, -0.115469001]
    - - - [0.451799005, -0.0263689999, -0.891057014, -1.65456998]
        - [0.596176028, 0.751483977, 0.280048996, 1.56485605]
        - [0.662633002, -0.658231974, 0.355515003, 0.995931029]
      - - [-0.154002994, 0.101081997, 0.982770979, -0.0583700016]
        - [0.811034977, -0.554965973, 0.184189007, 1.06771302]
        - [0.564148009, 0.825541973, 0.003486, -0.116026998]
    - - - [0.495398015, -0.0456660017, -0.866856992, -1.62453902]
        - [0.567403018, 0.772345006, 0.283564001, 1.56285596]
        - [0.656920016, -0.632688999, 0.408699989, 1.03393996]
      - - [-0.145144001, 0.0970090032, 0.984601021, -0.0561939999]
        - [0.819415987, -0.54586798, 0.174579993, 1.06773496]
        - [0.554443002, 0.832198977, -0.000261000008, -0.116575003]
    - - - [0.542478025, -0.0605559982, -0.837190986, -1.59018397]
        - [0.532868028, 0.794963002, 0.287782013, 1.56311905]
        - [0.648517013, -0.602584004, 0.463791013, 1.07576799]
      - - [-0.136289999, 0.092583999, 0.986220002, -0.0541660003]
        - [0.827522993, -0.536432028, 0.164731994, 1.06775701]
        - [0.544412017, 0.838685989, -0.00350599992, -0.1171]
    - - - [0.592144012, -0.0692970008, -0.802320004, -1.55267]
        - [0.491117001, 0.820123971, 0.291619986, 1.56500196]
        - [0.638137996, -0.566932976, 0.519980013, 1.12049901]
      - - [-0.127639994, 0.0878489986, 0.987815022, -0.0523339994]
        - [0.835555017, -0.527004004, 0.154823005, 1.06777894]
        - [0.534296989, 0.845210016, -0.00613600016, -0.117591001]
    - - - [0.641806006, -0.0726300031, -0.762488008, -1.51123595]
        - [0.443583012, 0.846204996, 0.292771012, 1.56561196]
        - [0.62439698, -0.526439011, 0.575775027, 1.16573203]
      - - [-0.118941002, 0.0826189965, 0.989322007, -0.0506410003]
        - [0.84345299, -0.517076015, 0.144591004, 1.06780005]
        - [0.523642004, 0.851751029, -0.00818500016, -0.118066996]
    - - - [0.690738976, -0.0708430037, -0.718711019, -1.46687305]
        - [0.391595006, 0.872340024, 0.290338993, 1.56296599]
        - [0.606828988, -0.482208997, 0.630807996, 1.21037602]
      - - [-0.109929003, 0.0768460035, 0.990835011, -0.0490010008]
        - [0.851684988, -0.506502986, 0.133764997, 1.06782103]
        - [0.512270987, 0.858676016, -0.00977099966, -0.118552998]
    - - - [0.737546027, -0.0637269989, -0.671247005, -1.42025006]
        - [0.336019009, 0.89716202, 0.284047008, 1.55666399]
        - [0.584537029, -0.43531099, 0.683678985, 1.25323796]
      - - [-0.100633003, 0.0706399977, 0.992278993, -0.0474260002]
        - [0.859905005, -0.49525401, 0.122468002, 1.06784201]
        - [0.500213981, 0.86568898, -0.0109050004, -0.119041003]
    - - - [0.781413972, -0.0512499996, -0.62094897, -1.37210095]
        - [0.278140992, 0.919857979, 0.274156988, 1.54699004]
        - [0.557437003, -0.387124985, 0.733600974, 1.29338801]
      - - [-0.0911379978, 0.0641240031, 0.993637979, -0.0459269993]
        - [0.868131995, -0.483530015, 0.110830002, 1.06786096]
        - [0.487690002, 0.872811019, -0.0116020003, -0.119525999]
    - - - [0.821330011, -0.0335649997, -0.56832999, -1.323192]
        - [0.218943, 0.939469993, 0.261023998, 1.53427505]
        - [0.525427997, -0.339004993, 0.77947098, 1.33001697]
      - - [-0.0815140009, 0.0574019998, 0.994890988, -0.0445149988]
        - [0.876209021, -0.471424013, 0.0989859998, 1.06788099]
        - [0.474817991, 0.879893005, -0.0118699996, -0.119998999]
    - - - [0.856791973, -0.0109440004, -0.514238, -1.27425098]
        - [0.159464002, 0.95548898, 0.245463997, 1.51944697]
        - [0.489017993, -0.292438, 0.82090199, 1.363024]
      - - [-0.0718370005, 0.0505650006, 0.995994985, -0.0432020016]
        - [0.883966982, -0.459035993, 0.087063998, 1.06789899]
        - [0.461728007, 0.886793971, -0.0117239999, -0.120454997]
    - - - [0.887427986, 0.0163260009, -0.459538996, -1.22610903]
        - [0.100478001, 0.967774987, 0.228443995, 1.50362694]
        - [0.448673993, -0.248935997, 0.857693017, 1.39286494]
      - - [-0.0622159988, 0.0437039994, 0.996989012, -0.0419990011]
        - [0.891492009, -0.44659701, 0.0752030015, 1.06791699]
        - [0.448642999, 0.893559992, -0.0111769997, -0.120885998]
    - - - [0.912597001, 0.0477729999, -0.404412001, -1.17859697]
        - [0.0424039997, 0.975790977, 0.211023003, 1.48791504]
        - [0.404982001, -0.209804997, 0.889078975, 1.41917503]
      - - [-0.0527289994, 0.0368789993, 0.997780979, -0.040918]
        - [0.898437977, -0.434121996, 0.0635259971, 1.06793296]
        - [0.43562901, 0.899923027, -0.010245, -0.121285997]
    - - - [0.932577014, 0.0831020027, -0.349536002, -1.13210201]
        - [-0.0144180004, 0.980131984, 0.194683999, 1.47402501]
        - [0.358945012, -0.176542997, 0.915745974, 1.44350696]
      - - [-0.0435010009, 0.0301629994, 0.998512983, -0.0399710014]
        - [0.905046999, -0.421921998, 0.0521729998, 1.06794906]
        - [0.422939986, 0.905992985, -0.00894500036, -0.121647999]
    - - - [0.947049975, 0.121990003, -0.294871002, -1.08615506]
        - [-0.0699609965, 0.980343997, 0.180757001, 1.46349704]
        - [0.311296999, -0.150554001, 0.937677026, 1.46686494]
      - - [-0.0346250013, 0.0235939994, 0.998980999, -0.0391680002]
        - [0.910980999, -0.410035014, 0.0412589982, 1.06796396]
        - [0.410706997, 0.911616981, -0.00729699992, -0.121964999]
    - - - [0.95549202, 0.166194007, -0.241439, -1.04158401]
        - [-0.126984, 0.976604998, 0.169607997, 1.45563304]
        - [0.264106005, -0.131371006, 0.954868972, 1.48838198]
      - - [-0.0259770006, 0.0168500002, 0.999427974, -0.0385459997]
        - [0.916670978, -0.398196012, 0.0305400006, 1.06797802]
        - [0.398555994, 0.91701299, -0.0051020002, -0.122231998]
    - - - [0.956999004, 0.215840995, -0.190544993, -0.998871028]
        - [-0.186566994, 0.968640983, 0.160273001, 1.44862795]
        - [0.219274998, -0.117845997, 0.967927992, 1.50697994]
      - - [-0.0173840001, 0.00968000013, 0.999722004, -0.0381130017]
        - [0.922190011, -0.385980994, 0.0197739992, 1.06799102]
