_sword_blur:
  Attack_Teleport_Middle:
    end: 46
    frame_num: 150
    mtx:
    - - - [0.0490109995, -0.192999005, 0.979571998, 0.0735829994]
        - [-0.0474550016, 0.979162991, 0.195298001, 0.664049983]
        - [-0.997359991, -0.0560810007, 0.0388670005, 1.25554204]
      - - [0.287568986, 0.814704001, 0.503364027, -0.281129986]
        - [0.894448996, -0.416245997, 0.162671998, 0.341926008]
        - [0.342115015, 0.403508008, -0.848523021, -0.268034011]
    - - - [0.050712999, -0.190946996, 0.979588985, 0.0673639998]
        - [-0.0496979989, 0.979216993, 0.193469003, 0.675230026]
        - [-0.99693501, -0.0585579984, 0.0401800014, 1.24849403]
      - - [0.279233992, 0.828245997, 0.485576987, -0.27978]
        - [0.899856985, -0.402110994, 0.168456003, 0.346103996]
        - [0.334865987, 0.389957011, -0.85768503, -0.268287987]
    - - - [0.0502629988, -0.189706996, 0.97990799, 0.0626399964]
        - [-0.0496589988, 0.979484022, 0.192229003, 0.688968003]
        - [-0.99693203, -0.0583570004, 0.0398299992, 1.23992598]
      - - [0.27088201, 0.842145979, 0.466037989, -0.27828601]
        - [0.905843973, -0.386696994, 0.172242001, 0.35085699]
        - [0.325340003, 0.375530988, -0.86767298, -0.268808991]
    - - - [0.0482800007, -0.189316005, 0.980194986, 0.0587529987]
        - [-0.0478789993, 0.979822993, 0.191673994, 0.704638004]
        - [-0.997242987, -0.056237001, 0.0382400006, 1.23030996]
      - - [0.262701005, 0.855925024, 0.445158988, -0.276656002]
        - [0.912262022, -0.370532006, 0.174116001, 0.356038988]
        - [0.314043999, 0.360415012, -0.878296971, -0.269519001]
    - - - [0.0452780016, -0.189827994, 0.98043102, 0.0551850013]
        - [-0.0449599996, 0.979969025, 0.191719994, 0.721572995]
        - [-0.997537017, -0.0528189987, 0.0358190015, 1.21946394]
      - - [0.254830003, 0.869324028, 0.423411012, -0.274893999]
        - [0.918744981, -0.354158998, 0.174124002, 0.361503989]
        - [0.301340997, 0.344639003, -0.88894999, -0.270339996]
    - - - [0.0416660011, -0.190834999, 0.980292976, 0.0514449999]
        - [-0.0414399989, 0.979990005, 0.192589998, 0.739156008]
        - [-0.99780798, -0.0486380011, 0.0329319984, 1.20807099]
      - - [0.247463003, 0.881808996, 0.401152998, -0.273007005]
        - [0.925078988, -0.338050008, 0.172464997, 0.367105991]
        - [0.287764013, 0.328464001, -0.899520993, -0.271192998]
    - - - [0.0378150009, -0.192503005, 0.980132997, 0.047398001]
        - [-0.0376389995, 0.979870021, 0.193910003, 0.756452978]
        - [-0.998016, -0.0442029983, 0.0298539996, 1.19625103]
      - - [0.240805998, 0.893386006, 0.378939003, -0.271001011]
        - [0.931046009, -0.322795987, 0.169376001, 0.372702003]
        - [0.273714989, 0.312063992, -0.909632981, -0.272000998]
    - - - [0.0340149999, -0.194479004, 0.979809999, 0.0429919995]
        - [-0.0338159986, 0.979569018, 0.195601001, 0.772727013]
        - [-0.998295009, -0.0398069993, 0.0267580003, 1.18455994]
      - - [0.235108003, 0.903867006, 0.357219011, -0.26888299]
        - [0.936559975, -0.308899999, 0.165196002, 0.378145009]
        - [0.25969699, 0.295722008, -0.919161975, -0.272684991]
    - - - [0.0303939991, -0.196547002, 0.979471028, 0.0384620018]
        - [-0.0301549993, 0.979223013, 0.197420001, 0.787137985]
        - [-0.998691022, -0.0356030017, 0.0238249991, 1.17350698]
      - - [0.230568007, 0.912986994, 0.336378008, -0.266658992]
        - [0.941311002, -0.296775997, 0.160264999, 0.383291006]
        - [0.246184006, 0.279713005, -0.927926004, -0.273167998]
    - - - [0.0269990005, -0.198376998, 0.979182005, 0.0342429988]
        - [-0.0267590005, 0.979014993, 0.199094996, 0.798955023]
        - [-0.998811007, -0.0316129997, 0.0211270005, 1.16308904]
      - - [0.227439001, 0.920666993, 0.316855013, -0.264333993]
        - [0.945201993, -0.286852002, 0.154987007, 0.387993008]
        - [0.233638003, 0.264279008, -0.935590029, -0.273371994]
    - - - [0.0238409992, -0.199580997, 0.979010999, 0.0308619998]
        - [-0.0236380007, 0.978897989, 0.200166002, 0.807565987]
        - [-0.998965025, -0.027919, 0.0186490007, 1.15387595]
      - - [0.226006001, 0.926904023, 0.299124986, -0.261920005]
        - [0.948246002, -0.279545009, 0.149829999, 0.39210701]
        - [0.222562999, 0.249818996, -0.942252994, -0.273214996]
    - - - [0.021071, -0.200444996, 0.978922009, 0.0280879997]
        - [-0.0211490002, 0.978783011, 0.200878993, 0.813836992]
        - [-0.998962998, -0.0249749999, 0.0164100006, 1.14576101]
      - - [0.226759002, 0.931955993, 0.282568008, -0.259350002]
        - [0.950334013, -0.27510199, 0.144629002, 0.39576301]
        - [0.212562993, 0.235772997, -0.948194027, -0.272711009]
    - - - [0.0188590009, -0.201350003, 0.978697002, 0.0252800006]
        - [-0.0194850005, 0.978519976, 0.201691002, 0.819187999]
        - [-0.999074996, -0.0229349993, 0.0145450002, 1.13835502]
      - - [0.229784995, 0.935944021, 0.266353011, -0.256586999]
        - [0.951713026, -0.273216993, 0.139000997, 0.399183989]
        - [0.202923, 0.221580997, -0.953661025, -0.271941006]
    - - - [0.0170450006, -0.202354997, 0.978549004, 0.0226050001]
        - [-0.0182859991, 0.978528976, 0.202747002, 0.823417008]
        - [-0.999188006, -0.0213779993, 0.0130099999, 1.13174796]
      - - [0.234656006, 0.939094007, 0.250665992, -0.25366801]
        - [0.952533007, -0.27353701, 0.133166999, 0.402363002]
        - [0.193663001, 0.207535997, -0.958782971, -0.270945013]
    - - - [0.0154980002, -0.203573003, 0.978433013, 0.0201319996]
        - [-0.0171939991, 0.978331983, 0.203842998, 0.82634002]
        - [-0.999235988, -0.0200009998, 0.0116919996, 1.12567794]
      - - [0.240878999, 0.941459, 0.235642001, -0.250629008]
        - [0.952704012, -0.275629014, 0.127244994, 0.405295014]
        - [0.184763998, 0.193856001, -0.963373005, -0.269760013]
    - - - [0.0140739996, -0.204846993, 0.978155971, 0.0179500002]
        - [-0.0159990005, 0.977995992, 0.205088004, 0.828069985]
        - [-0.999229014, -0.0185209997, 0.0105170002, 1.12001503]
      - - [0.248033002, 0.942955017, 0.221416995, -0.247504994]
        - [0.952453017, -0.279018015, 0.121363997, 0.407974005]
        - [0.176272005, 0.180813, -0.96746403, -0.268424988]
    - - - [0.0126459999, -0.206272006, 0.977935016, 0.0162000004]
        - [-0.01449, 0.977800012, 0.206465006, 0.828616023]
        - [-0.999343991, -0.0168079995, 0.00939999986, 1.11511004]
      - - [0.255674988, 0.943996012, 0.208242998, -0.244333997]
        - [0.951923013, -0.283345014, 0.115633003, 0.410393]
        - [0.168183997, 0.168688998, -0.971180975, -0.266979992]
    - - - [0.011128, -0.207719997, 0.977528989, 0.0148569997]
        - [-0.0126280002, 0.977519989, 0.207975999, 0.828302026]
        - [-0.999346018, -0.0146810003, 0.00826099981, 1.110461]
      - - [0.263336003, 0.944450974, 0.196250007, -0.241150007]
        - [0.951179981, -0.28808099, 0.110053003, 0.412546992]
        - [0.160500005, 0.157689005, -0.974206984, -0.265460998]
    - - - [0.00944199972, -0.209344, 0.977237999, 0.0139680002]
        - [-0.0103470003, 0.977181017, 0.209527001, 0.827333987]
        - [-0.99940902, -0.0121299997, 0.00703899981, 1.10645294]
      - - [0.270548999, 0.944527984, 0.185663, -0.237988994]
        - [0.950302005, -0.292791009, 0.104668997, 0.414429009]
        - [0.153253004, 0.148137003, -0.976925015, -0.263907999]
    - - - [0.00750100007, -0.211071, 0.976920009, 0.0135960001]
        - [-0.00769100012, 0.976831973, 0.211154997, 0.826215982]
        - [-0.999518991, -0.00913500041, 0.00571099995, 1.10294902]
      - - [0.276906997, 0.944384992, 0.176690996, -0.234889001]
        - [0.949590981, -0.297017008, 0.0994639993, 0.416033]
        - [0.146449, 0.140263006, -0.979170978, -0.262360007]
    - - - [0.00529300002, -0.212855995, 0.976517975, 0.013634]
        - [-0.00470199995, 0.976468027, 0.212916002, 0.825284004]
        - [-0.999412, -0.00574599998, 0.00419300003, 1.09966695]
      - - [0.281913996, 0.94420898, 0.169524997, -0.231884003]
        - [0.949042022, -0.300294995, 0.0943820029, 0.417356014]
        - [0.140059993, 0.134293005, -0.980858028, -0.260854006]
    - - - [0.0031630001, -0.214652002, 0.97607398, 0.0138499998]
        - [-0.00188899995, 0.976098001, 0.214733005, 0.825133979]
        - [-0.999366999, -0.00251200004, 0.00270300009, 1.09733498]
      - - [0.285982013, 0.943883002, 0.164670005, -0.228913993]
        - [0.94867599, -0.303034008, 0.0894019976, 0.418300003]
        - [0.134310007, 0.130656004, -0.982140005, -0.259337008]
    - - - [0.00147500006, -0.216495007, 0.975728989, 0.0139950002]
        - [0.000283000001, 0.975712001, 0.216539994, 0.82595098]
        - [-0.999384999, -2.80000004e-05, 0.00150699995, 1.09613001]
      - - [0.289768994, 0.943166971, 0.162146002, -0.225909993]
        - [0.948238015, -0.305842996, 0.084454, 0.418821007]
        - [0.129268005, 0.129287004, -0.983017027, -0.257737994]
    - - - [0.000178000002, -0.218294993, 0.975381017, 0.0140420003]
        - [0.00181599997, 0.975347996, 0.218329996, 0.827686012]
        - [-0.999493003, 0.00174199999, 0.000572999998, 1.09589803]
      - - [0.293280005, 0.94215101, 0.161567003, -0.222890005]
        - [0.947759986, -0.30863899, 0.0795219988, 0.418985009]
        - [0.124817997, 0.129818007, -0.983555019, -0.256072998]
    - - - [-0.00079999998, -0.219940007, 0.974873006, 0.0139739998]
        - [0.0027689999, 0.974910975, 0.220073998, 0.830200016]
        - [-0.999475002, 0.00288000004, -0.000169999999, 1.09615803]
      - - [0.296517015, 0.940945029, 0.162551999, -0.219876006]
        - [0.947260976, -0.311361015, 0.0745930001, 0.418857008]
        - [0.120834999, 0.131879002, -0.98378098, -0.254355013]
    - - - [-0.001559, -0.221560001, 0.974462986, 0.0138389999]
        - [0.00324900006, 0.974452019, 0.221649006, 0.833258986]
        - [-0.999422014, 0.00349400006, -0.000782000017, 1.09677696]
      - - [0.299479008, 0.939620972, 0.164711997, -0.216885999]
        - [0.946744978, -0.313946992, 0.0696619973, 0.418504]
        - [0.117201999, 0.135097995, -0.983749986, -0.252600998]
    - - - [-0.00218100008, -0.223095998, 0.974179983, 0.0136660002]
        - [0.00337300007, 0.974146008, 0.223140001, 0.836663008]
        - [-0.999441028, 0.00374599989, -0.00134299998, 1.09775102]
      - - [0.302183002, 0.938247025, 0.167661995, -0.213940993]
        - [0.946282983, -0.316345006, 0.0647369996, 0.417989999]
        - [0.113807999, 0.139112994, -0.983585, -0.250822991]
    - - - [-0.00274699996, -0.224542007, 0.973977983, 0.0134880003]
        - [0.00329299993, 0.973959982, 0.224553004, 0.840149999]
        - [-0.999481022, 0.00380000006, -0.00191800005, 1.09887302]
      - - [0.304632008, 0.936891973, 0.171011999, -0.211061001]
        - [0.945887983, -0.318506986, 0.0598220006, 0.417382002]
        - [0.110535003, 0.143553004, -0.983348012, -0.249037996]
    - - - [-0.00334800011, -0.225861996, 0.973663986, 0.0133659998]
        - [0.00317499996, 0.973608971, 0.225883007, 0.843484998]
        - [-0.999508023, 0.00382300001, -0.00254600006, 1.09985495]
      - - [0.306825995, 0.935571015, 0.174366996, -0.208266005]
        - [0.945572972, -0.320371985, 0.0549269989, 0.416745007]
        - [0.107266001, 0.148038998, -0.983049989, -0.247259006]
    - - - [-0.00407199981, -0.227097005, 0.973213971, 0.0133499997]
        - [0.00316400011, 0.973267019, 0.227231994, 0.846356988]
        - [-0.999414027, 0.00401700009, -0.00323899998, 1.10045099]
      - - [0.308768004, 0.934359014, 0.177338004, -0.205576003]
        - [0.945352018, -0.321900994, 0.0500640012, 0.41614601]
        - [0.103882, 0.152199, -0.982761025, -0.245500997]
    - - - [-0.00493900012, -0.228434995, 0.972949028, 0.0134619996]
        - [0.00347199989, 0.972968996, 0.228560001, 0.848402977]
        - [-0.999394, 0.00451599993, -0.00399699993, 1.10064805]
      - - [0.310458988, 0.933381021, 0.179554, -0.203009993]
        - [0.945235014, -0.323080003, 0.0452699997, 0.415648997]
        - [0.100282997, 0.155671999, -0.982605994, -0.243775994]
    - - - [-0.00590999983, -0.229857996, 0.972634017, 0.0136930002]
        - [0.00401700009, 0.972648978, 0.229977995, 0.849735975]
        - [-0.999355972, 0.0052860002, -0.00480399979, 1.10056698]
      - - [0.311861008, 0.932568014, 0.181415007, -0.200544998]
        - [0.945190012, -0.323917001, 0.0404670015, 0.415190995]
        - [0.0965169966, 0.158852994, -0.98247999, -0.242082]
    - - - [-0.00679800007, -0.231299996, 0.972280979, 0.013913]
        - [0.00459800009, 0.972279012, 0.231393993, 0.850696027]
        - [-0.99930203, 0.00607299991, -0.005535, 1.10047197]
      - - [0.312945992, 0.931787014, 0.183552995, -0.198145002]
        - [0.945167005, -0.324449003, 0.035631001, 0.41466701]
        - [0.0927670002, 0.16234, -0.982245982, -0.240397006]
    - - - [-0.00762999989, -0.232748002, 0.971906006, 0.0141639998]
        - [0.00520699983, 0.971850991, 0.232813001, 0.851382017]
        - [-0.999347985, 0.00684199994, -0.00620499998, 1.10048294]
      - - [0.313753009, 0.931056976, 0.185921997, -0.195814997]
        - [0.945228994, -0.324694991, 0.0307919998, 0.414085001]
        - [0.0890469998, 0.166082993, -0.981967986, -0.238718003]
    - - - [-0.00841599982, -0.234219998, 0.971629977, 0.0144400001]
        - [0.00579999993, 0.971508026, 0.234257996, 0.851875007]
        - [-0.999480009, 0.00760200014, -0.00683999993, 1.10059297]
      - - [0.314301014, 0.930391014, 0.188476995, -0.193562999]
        - [0.945375025, -0.324672014, 0.0259770006, 0.413450003]
        - [0.0853660032, 0.170023993, -0.981655002, -0.237041995]
    - - - [-0.00917499978, -0.235605001, 0.971189976, 0.0147390002]
        - [0.00633599982, 0.971189976, 0.235743001, 0.852259994]
        - [-0.999409974, 0.00835100003, -0.00744999992, 1.10053301]
      - - [0.314606994, 0.929705977, 0.191148996, -0.191392004]
        - [0.945600986, -0.324364007, 0.0212099999, 0.412768006]
        - [0.0817309991, 0.174086004, -0.981225014, -0.235365003]
    - - - [-0.00994099956, -0.237009004, 0.970826983, 0.0151030002]
        - [0.00683399988, 0.970894992, 0.237194002, 0.85256201]
        - [-0.999346018, 0.00903800037, -0.00805800036, 1.10047305]
      - - [0.314686, 0.929085016, 0.193903998, -0.189308003]
        - [0.945900023, -0.323817015, 0.0165199991, 0.412046999]
        - [0.0781520009, 0.178223997, -0.980768025, -0.233684003]
    - - - [-0.010733, -0.238386005, 0.970495999, 0.0155429998]
        - [0.00727100018, 0.970597982, 0.238608003, 0.852871001]
        - [-0.999364972, 0.00964900013, -0.00868800003, 1.10050797]
      - - [0.314556986, 0.928538978, 0.196694002, -0.187316999]
        - [0.946264029, -0.323049009, 0.0119329998, 0.411291987]
        - [0.0746359974, 0.182379007, -0.980301976, -0.231995001]
    - - - [-0.011554, -0.239748999, 0.970229983, 0.0160409994]
        - [0.00762999989, 0.970251977, 0.239931002, 0.853228986]
        - [-0.999373019, 0.0101680001, -0.00938099995, 1.10051799]
      - - [0.314215988, 0.928074002, 0.199468002, -0.185424998]
        - [0.946633995, -0.322079003, 0.00747099984, 0.410510004]
        - [0.0711890012, 0.186481997, -0.979780018, -0.230296999]
    - - - [-0.01241, -0.241025999, 0.969918013, 0.0165839996]
        - [0.00786599983, 0.969955027, 0.241196007, 0.85373801]
        - [-0.999301016, 0.0106079997, -0.0101659996, 1.100492]
      - - [0.31369099, 0.927694023, 0.202173993, -0.183636993]
        - [0.947032988, -0.320926011, 0.00316000008, 0.409705997]
        - [0.0678220019, 0.190477997, -0.979246974, -0.228584006]
    - - - [-0.0134009998, -0.242198005, 0.969546974, 0.0172729995]
        - [0.00717899995, 0.969564974, 0.242339998, 0.854618013]
        - [-0.999328017, 0.0102040004, -0.0112720001, 1.10056198]
      - - [0.313006997, 0.927407026, 0.204743996, -0.181962997]
        - [0.947480977, -0.319611013, -0.000965000014, 0.408888012]
        - [0.0645439997, 0.194293007, -0.97874099, -0.226852998]
    - - - [-0.014316, -0.243279994, 0.969285011, 0.0179469995]
        - [0.00716400007, 0.969263971, 0.243450999, 0.855440974]
        - [-0.999401987, 0.0104200002, -0.0121619999, 1.10059798]
      - - [0.312173992, 0.927073002, 0.207314998, -0.180415004]
        - [0.947950006, -0.318120986, -0.004954, 0.408033013]
        - [0.0613639988, 0.198075995, -0.97815001, -0.225098997]
    - - - [-0.0151110003, -0.244286999, 0.968940973, 0.0185690001]
        - [0.00719199982, 0.969021022, 0.244495004, 0.856094003]
        - [-0.999253988, 0.0106729995, -0.012906, 1.10050404]
      - - [0.311214, 0.926748991, 0.210021004, -0.179002002]
        - [0.948451996, -0.316504002, -0.00883900002, 0.407122999]
        - [0.0582920015, 0.201955006, -0.977522016, -0.223321006]
    - - - [-0.0158060007, -0.245266005, 0.968734026, 0.0191820003]
        - [0.0072949999, 0.968779027, 0.245462999, 0.856603026]
        - [-0.999275029, 0.0109219998, -0.0135329999, 1.10053003]
      - - [0.310144991, 0.926446974, 0.212817997, -0.177708]
        - [0.948980987, -0.314785004, -0.012596, 0.406168014]
        - [0.0553350002, 0.205881, -0.97687602, -0.221524999]
    - - - [-0.0164069999, -0.246136993, 0.968424976, 0.0197570007]
        - [0.00741299987, 0.968540013, 0.246362001, 0.857034981]
        - [-0.999233007, 0.0112110004, -0.0140570002, 1.10051596]
      - - [0.308984011, 0.926172972, 0.215657994, -0.176515996]
        - [0.949531972, -0.312981993, -0.0162039995, 0.405180991]
        - [0.0525010005, 0.209800005, -0.976224005, -0.219716996]
    - - - [-0.0169259999, -0.246989995, 0.96834898, 0.0203210004]
        - [0.00756799988, 0.968365014, 0.247191995, 0.85738802]
        - [-0.999415994, 0.0115019996, -0.0145190004, 1.100631]
      - - [0.307747006, 0.925930977, 0.218495995, -0.175410002]
        - [0.950097978, -0.311116993, -0.0196419992, 0.40417099]
        - [0.0498009995, 0.213661, -0.975576997, -0.217903003]
    - - - [-0.0173829999, -0.247719005, 0.968106985, 0.0208550002]
        - [0.00770899979, 0.968214989, 0.247935995, 0.857667029]
        - [-0.999361992, 0.0118110003, -0.014916, 1.10063696]
      - - [0.306436986, 0.925725996, 0.221283004, -0.174373001]
        - [0.950630009, -0.309210986, -0.0228920002, 0.403151006]
        - [0.0472390018, 0.217400998, -0.974900007, -0.216088995]
    - - - [-0.0178030003, -0.248359993, 0.967941999, 0.0214089993]
        - [0.00786899962, 0.968034983, 0.248585001, 0.857897997]
        - [-0.999409974, 0.0120759998, -0.0152789997, 1.10065901]
      - - [0.305081993, 0.925513983, 0.223960996, -0.173387006]
        - [0.95115298, -0.307271004, -0.0259290002, 0.402130008]
        - [0.0448269993, 0.220962003, -0.974183023, -0.214282006]
    - - - [-0.0181990005, -0.248889998, 0.967773974, 0.0219640005]
        - [0.00800800044, 0.967909992, 0.249145001, 0.858108997]
        - [-0.999337971, 0.012298, -0.0156230005, 1.10054898]
      - - [0.303703994, 0.925319016, 0.226484999, -0.172436997]
        - [0.951677024, -0.305325001, -0.0287350006, 0.401118994]
        - [0.0425730012, 0.224299997, -0.973474979, -0.212487996]
    - - - [-0.0185850002, -0.249354005, 0.967754006, 0.0225489996]
        - [0.00810899958, 0.967832983, 0.249587998, 0.858332992]
        - [-0.999333024, 0.0124589996, -0.0159779992, 1.10052395]
      - - [0.30231899, 0.925180018, 0.228816003, -0.171506003]
        - [0.952196002, -0.303407013, -0.0312910005, 0.400130987]
        - [0.0404860005, 0.227372006, -0.972824991, -0.210712999]
    - - - [-0.0189479999, -0.249660999, 0.967528999, 0.0231359992]
        - [0.00885600038, 0.967687011, 0.249929994, 0.858583987]
        - [-0.999189973, 0.0133180004, -0.0161310006, 1.10046995]
      - - [0.300945014, 0.925103009, 0.230904996, -0.170577005]
        - [0.952705026, -0.301542014, -0.0335789993, 0.399174988]
        - [0.0385750011, 0.230123997, -0.972244024, -0.208963007]
    - - - [-0.01932, -0.249822006, 0.967494011, 0.0237889998]
        - [0.00889599975, 0.967608988, 0.250075996, 0.858922005]
        - [-0.999237001, 0.0134500004, -0.0164810009, 1.100559]
      - - [0.29954499, 0.925091028, 0.232779995, -0.169670999]
        - [0.953215003, -0.299699992, -0.0355789997, 0.39824301]
        - [0.0368609987, 0.232580006, -0.971724987, -0.207245007]
    - - - [-0.0196349993, -0.249804005, 0.967483997, 0.0244350005]
        - [0.00893099979, 0.967615008, 0.250059992, 0.859224021]
        - [-0.999243975, 0.0135709997, -0.0167839993, 1.10059905]
      - - [0.298079997, 0.92513901, 0.234511003, -0.168817997]
        - [0.95373702, -0.297843009, -0.0373010002, 0.397318006]
        - [0.0353479981, 0.234813005, -0.971252024, -0.205564007]
    - - - [-0.0199040007, -0.249652997, 0.96755302, 0.0250979997]
        - [0.00897299964, 0.967667997, 0.249895006, 0.859490991]
        - [-0.999275982, 0.0136749996, -0.0170440003, 1.10065603]
      - - [0.296564013, 0.92523998, 0.236102998, -0.168013006]
        - [0.954268992, -0.295985013, -0.0387709998, 0.396402001]
        - [0.0340179987, 0.236833006, -0.97082299, -0.203926995]
    - - - [-0.0201340001, -0.249385998, 0.967674017, 0.0257719997]
        - [0.00901900046, 0.96776998, 0.249605, 0.859730005]
        - [-0.999274015, 0.0137689998, -0.0172569994, 1.10069501]
      - - [0.295013994, 0.925387025, 0.237558007, -0.167250007]
        - [0.954805017, -0.294135004, -0.0400150008, 0.395494014]
        - [0.0328509994, 0.238649994, -0.970435023, -0.202338994]
    - - - [-0.0203310009, -0.249001995, 0.967749, 0.0264449995]
        - [0.00906999968, 0.967854023, 0.249202996, 0.85995698]
        - [-0.999253988, 0.0138600003, -0.0174279995, 1.10070205]
      - - [0.293444991, 0.925575018, 0.238878995, -0.166525006]
        - [0.955341995, -0.292306006, -0.0410570018, 0.394594014]
        - [0.0318289995, 0.240277007, -0.970088005, -0.200808004]
    - - - [-0.0204969998, -0.248550996, 0.967929006, 0.0271249991]
        - [0.00914699957, 0.96796298, 0.248740003, 0.860156]
        - [-0.999306977, 0.0139370002, -0.0175710004, 1.10070598]
      - - [0.291871011, 0.925797999, 0.24007, -0.165831998]
        - [0.955874979, -0.290508986, -0.0419230014, 0.393703997]
        - [0.0309330001, 0.241723001, -0.969778001, -0.199339002]
    - - - [-0.0206339993, -0.248041004, 0.968097985, 0.0277919993]
        - [0.00923200045, 0.968115985, 0.248234004, 0.860338986]
        - [-0.999311984, 0.0140270004, -0.0176849999, 1.10068798]
      - - [0.290307999, 0.926045001, 0.241133004, -0.165167004]
        - [0.95640099, -0.28875199, -0.0426380001, 0.392823011]
        - [0.0301430002, 0.242999002, -0.969501019, -0.197937995]
    - - - [-0.0207470004, -0.247465998, 0.968149006, 0.028438]
        - [0.0093170004, 0.968249023, 0.247701004, 0.860499024]
        - [-0.99921602, 0.0141439997, -0.017771, 1.10063398]
      - - [0.28876099, 0.926258981, 0.242057994, -0.164523005]
        - [0.956880987, -0.287030995, -0.0432259999, 0.391952991]
        - [0.0294410009, 0.244111001, -0.969235003, -0.196612]
    - - - [-0.0208449997, -0.246912003, 0.968273997, 0.029081]
        - [0.00942699984, 0.968379021, 0.247161999, 0.860647976]
        - [-0.999204993, 0.0142780002, -0.0178420004, 1.10063696]
      - - [0.287254006, 0.926490009, 0.242862999, -0.163896993]
        - [0.957342029, -0.285371989, -0.0437140018, 0.391093999]
        - [0.0288089998, 0.245076001, -0.969004989, -0.195366994]
    - - - [-0.0209320001, -0.246400997, 0.968466997, 0.0296950005]
        - [0.00876899995, 0.968540013, 0.246634007, 0.860906005]
        - [-0.999267995, 0.0136529999, -0.018096, 1.10071802]
      - - [0.285804987, 0.926735997, 0.243551999, -0.163283005]
        - [0.95778501, -0.283785999, -0.0441269986, 0.390246004]
        - [0.0282269996, 0.245904997, -0.968807995, -0.194212005]
    - - - [-0.021001, -0.245846003, 0.968598008, 0.0303169992]
        - [0.00875599962, 0.968698025, 0.246088997, 0.861047983]
        - [-0.999247015, 0.0136660002, -0.0181680005, 1.10076404]
      - - [0.284408987, 0.927012026, 0.244073004, -0.162685007]
        - [0.958208025, -0.282288015, -0.0443970002, 0.389409006]
        - [0.0277469996, 0.246527001, -0.968662977, -0.193150997]
    - - - [-0.0210389998, -0.245206997, 0.968752027, 0.0309599992]
        - [0.00874799956, 0.968834996, 0.245438993, 0.861168981]
        - [-0.999273002, 0.013665, -0.0182060003, 1.10086906]
      - - [0.283051997, 0.927332997, 0.244387001, -0.162110001]
        - [0.958613992, -0.280876011, -0.0444630012, 0.388583988]
        - [0.0274170004, 0.246889994, -0.968580008, -0.192185998]
    - - - [-0.0210439991, -0.244487002, 0.968892992, 0.0316080004]
        - [0.00875000004, 0.968993008, 0.244727001, 0.861256003]
        - [-0.999257982, 0.0136489999, -0.01822, 1.10098505]
      - - [0.281724989, 0.927693009, 0.244528994, -0.161557004]
        - [0.959007025, -0.279534996, -0.0443559997, 0.38777101]
        - [0.0272109993, 0.247034997, -0.968549013, -0.191308007]
    - - - [-0.0210219994, -0.243723005, 0.969045997, 0.0322559997]
        - [0.00875299983, 0.969170988, 0.243968993, 0.861320972]
        - [-0.999234974, 0.0136289997, -0.0182080008, 1.10113597]
      - - [0.280422002, 0.928083003, 0.244531006, -0.161026999]
        - [0.959388018, -0.278250009, -0.0441109985, 0.386970997]
        - [0.0271090008, 0.247005001, -0.968560994, -0.190505996]
    - - - [-0.0209759995, -0.242939994, 0.969219983, 0.0328960009]
        - [0.00875999965, 0.969350994, 0.243184, 0.861368001]
        - [-0.999231994, 0.0136050005, -0.0181799997, 1.10132205]
      - - [0.279134989, 0.92849803, 0.244425997, -0.160519004]
        - [0.95976299, -0.277007014, -0.0437580012, 0.38618499]
        - [0.0270850006, 0.246841997, -0.968604982, -0.189769998]
    - - - [-0.020916, -0.242163002, 0.969413996, 0.0335270017]
        - [0.00877000019, 0.969536006, 0.242395997, 0.861397982]
        - [-0.999246001, 0.0135819996, -0.0181360003, 1.101542]
      - - [0.277857989, 0.928929985, 0.244247004, -0.160033002]
        - [0.96013099, -0.275792003, -0.0433299989, 0.385412008]
        - [0.0271170009, 0.246585995, -0.968671024, -0.189089999]
    - - - [-0.0208459999, -0.241410002, 0.969618022, 0.0341430008]
        - [0.00878500007, 0.969721019, 0.241626993, 0.861416996]
        - [-0.999273002, 0.0135620004, -0.0180830006, 1.10178804]
      - - [0.276583999, 0.929370999, 0.244029, -0.159567997]
        - [0.960498989, -0.274589986, -0.0428589992, 0.384653986]
        - [0.0271819998, 0.24628, -0.968748987, -0.188455999]
    - - - [-0.0207710005, -0.240680993, 0.969789982, 0.034736]
        - [0.00880500022, 0.969893992, 0.240912005, 0.861424983]
        - [-0.999266028, 0.0135469995, -0.0180220008, 1.10199797]
      - - [0.275307, 0.929816008, 0.243805006, -0.159125]
        - [0.960865974, -0.273386002, -0.0423749983, 0.38391]
        - [0.0272569992, 0.245964006, -0.968829989, -0.187858999]
    - - - [-0.020699, -0.240021005, 0.969963014, 0.0353059992]
        - [0.00883300044, 0.970057011, 0.240259007, 0.861425996]
        - [-0.999271989, 0.0135430004, -0.0179609992, 1.102229]
      - - [0.27401799, 0.930257022, 0.243607998, -0.158702999]
        - [0.961238027, -0.272166997, -0.0419120006, 0.383181989]
        - [0.0273180008, 0.245681003, -0.968901992, -0.187287003]
    - - - [-0.0206400007, -0.239455, 0.970112979, 0.0358490013]
        - [0.0088630002, 0.970205009, 0.239696994, 0.861432016]
        - [-0.999273002, 0.0135530001, -0.0179060008, 1.10245705]
      - - [0.272706002, 0.930688024, 0.243468001, -0.158301994]
        - [0.961618006, -0.270909995, -0.0415140018, 0.382467985]
        - [0.0273260009, 0.245472997, -0.968957007, -0.186730996]
    - - - [-0.0205780007, -0.238986, 0.970246971, 0.0363689996]
        - [0.00891000032, 0.970336974, 0.239227995, 0.861419976]
        - [-0.999278009, 0.0135840001, -0.0178399999, 1.102705]
      - - [0.271387011, 0.931111991, 0.243366003, -0.157922]
        - [0.962001026, -0.269634008, -0.0411610007, 0.381770998]
        - [0.0272979997, 0.245313004, -0.968999982, -0.186210006]
    - - - [-0.0205170009, -0.238608003, 0.970385015, 0.0368969999]
        - [0.00896499958, 0.970457017, 0.238840997, 0.861397028]
        - [-0.999300003, 0.0136280004, -0.0177679993, 1.10298097]
      - - [0.270067006, 0.931541979, 0.243240997, -0.157562003]
        - [0.962386012, -0.268348008, -0.0408370011, 0.381087989]
        - [0.0272359997, 0.245139003, -0.969048023, -0.185744002]
    - - - [-0.0204520002, -0.238299996, 0.970520973, 0.0374220014]
        - [0.00902699959, 0.970561028, 0.238515005, 0.861365974]
        - [-0.999337971, 0.0136810001, -0.0176909994, 1.10328496]
      - - [0.268745989, 0.931976974, 0.243095994, -0.157222003]
        - [0.962772012, -0.267060012, -0.0405200012, 0.380418003]
        - [0.0271600001, 0.244948, -0.969101012, -0.185326993]
    - - - [-0.0203770008, -0.238014996, 0.970600009, 0.0379289985]
        - [0.00910899974, 0.97063899, 0.238242, 0.861311018]
        - [-0.999330997, 0.0137210004, -0.0176199991, 1.10355997]
      - - [0.267423004, 0.932417989, 0.242933005, -0.156902]
        - [0.963158011, -0.265772998, -0.0401879996, 0.379763007]
        - [0.0270939991, 0.244735003, -0.96916002, -0.184951007]
    - - - [-0.0202990007, -0.237755001, 0.970672011, 0.0384190008]
        - [0.0091909999, 0.970704973, 0.237990007, 0.861244977]
        - [-0.999328971, 0.0137609998, -0.0175439995, 1.10386002]
      - - [0.266095996, 0.93285203, 0.242752001, -0.156600997]
        - [0.963531017, -0.264490008, -0.0398200005, 0.379121006]
        - [0.0270600002, 0.244498, -0.969223976, -0.184609994]
    - - - [-0.0202179998, -0.237500995, 0.970728993, 0.0388859995]
        - [0.00926600024, 0.970758021, 0.237738997, 0.861168027]
        - [-0.999327004, 0.0138010001, -0.0174620003, 1.10418999]
      - - [0.264761001, 0.933269978, 0.242551997, -0.156320006]
        - [0.963882029, -0.263213992, -0.0393930003, 0.378493011]
        - [0.0270799994, 0.244231999, -0.969292998, -0.184295997]
    - - - [-0.0201350003, -0.237237006, 0.970794022, 0.039326001]
        - [0.0093299998, 0.970821977, 0.237472996, 0.861092985]
        - [-0.99932301, 0.0138360001, -0.0173760001, 1.10455406]
      - - [0.263426006, 0.933691978, 0.242339998, -0.156057999]
        - [0.964230001, -0.26195699, -0.0388870016, 0.37787801]
        - [0.0271770004, 0.243933007, -0.969367981, -0.184003994]
    - - - [-0.0200510006, -0.236947998, 0.970881999, 0.039735999]
        - [0.00938200019, 0.970903993, 0.237173006, 0.861021996]
        - [-0.999328017, 0.0138630001, -0.0172869992, 1.10495305]
      - - [0.262088001, 0.934117019, 0.242119998, -0.155815005]
        - [0.964576006, -0.260724008, -0.038279999, 0.377276003]
        - [0.0273720007, 0.243597999, -0.969448984, -0.183725998]
    - - - [-0.0199650005, -0.236607999, 0.970983982, 0.040107999]
        - [0.00941899978, 0.970996976, 0.236817002, 0.860958993]
        - [-0.999338984, 0.0138769997, -0.0171959996, 1.10538805]
      - - [0.260749996, 0.934544981, 0.241890997, -0.155589998]
        - [0.964915991, -0.259519994, -0.0375499986, 0.37668699]
        - [0.0276870001, 0.243222997, -0.969536006, -0.183456004]
    - - - [-0.0199260004, -0.236215994, 0.971091986, 0.0404639989]
        - [0.0094659999, 0.971096992, 0.236405, 0.860871971]
        - [-0.999348998, 0.0139149996, -0.0171429999, 1.10586095]
      - - [0.25940901, 0.934971988, 0.241659999, -0.155384004]
        - [0.965251982, -0.258354008, -0.0366600007, 0.376109987]
        - [0.0281610005, 0.242804006, -0.969626009, -0.183184996]
    - - - [-0.0198420007, -0.235779002, 0.971184015, 0.0407489985]
        - [0.00949299987, 0.971203983, 0.235973999, 0.860795975]
        - [-0.999324977, 0.0139220003, -0.0170489997, 1.10631895]
      - - [0.258067012, 0.935395002, 0.241416007, -0.155195996]
        - [0.965582013, -0.257218003, -0.0356360003, 0.375546008]
        - [0.0287679993, 0.242337003, -0.969713986, -0.182922006]
    - - - [-0.0197459999, -0.235376999, 0.971220016, 0.0409790017]
        - [0.00954400003, 0.971258998, 0.235586002, 0.860671997]
        - [-0.999289989, 0.0139570003, -0.0169500001, 1.10679603]
      - - [0.256724, 0.935819983, 0.241159007, -0.155025005]
        - [0.965907991, -0.256110996, -0.0344859995, 0.374992996]
        - [0.0294959992, 0.241825998, -0.969807982, -0.182675004]
    - - - [-0.0196470004, -0.235006005, 0.971252978, 0.0411729999]
        - [0.00961599965, 0.971303999, 0.235223994, 0.860512972]
        - [-0.999261975, 0.0140140001, -0.0168469995, 1.10730696]
      - - [0.255380988, 0.936249018, 0.240888, -0.154872999]
        - [0.966230989, -0.255030006, -0.0332229994, 0.374453008]
        - [0.0303339995, 0.241273999, -0.969907999, -0.182445005]
    - - - [-0.0195530001, -0.234649003, 0.971298993, 0.0413429998]
        - [0.00970199984, 0.971360028, 0.234876007, 0.860328972]
        - [-0.999239981, 0.0140829999, -0.0167420004, 1.10784602]
      - - [0.254036993, 0.936680973, 0.240603, -0.154736996]
        - [0.966548979, -0.253971994, -0.0318619981, 0.373923987]
        - [0.0312680006, 0.240684003, -0.970012009, -0.182228997]
    - - - [-0.0194649994, -0.234276995, 0.971350014, 0.0414920002]
        - [0.00980400015, 0.97142899, 0.234523997, 0.860122979]
        - [-0.99921, 0.014153, -0.0166439991, 1.10838902]
      - - [0.252692997, 0.937116981, 0.240302995, -0.154617995]
        - [0.966865003, -0.252934009, -0.0304150004, 0.373407006]
        - [0.0322850011, 0.240061, -0.97012198, -0.182028994]
    - - - [-0.0193910003, -0.233882993, 0.97143501, 0.0416309983]
        - [0.00990800001, 0.971524, 0.234145001, 0.859911025]
        - [-0.999195993, 0.0142280003, -0.0165529996, 1.10895801]
      - - [0.251349986, 0.937556982, 0.239987999, -0.154516995]
        - [0.967176974, -0.251911014, -0.028895, 0.372900009]
        - [0.0333719999, 0.239407003, -0.970236003, -0.181842998]
    - - - [-0.0193329994, -0.233448997, 0.971561015, 0.041765999]
        - [0.0100069996, 0.971648991, 0.233717993, 0.859703004]
        - [-0.999201, 0.0142999999, -0.0164739992, 1.10954499]
      - - [0.250007004, 0.938000023, 0.239657998, -0.154431999]
        - [0.967487991, -0.250901997, -0.0273170006, 0.372404993]
        - [0.0345150009, 0.238726005, -0.970354021, -0.181670994]
    - - - [-0.0192949995, -0.232956007, 0.971733987, 0.0419050008]
        - [0.0100969998, 0.97180903, 0.233224005, 0.859507024]
        - [-0.999222994, 0.0143640004, -0.0164110009, 1.11014295]
      - - [0.248665005, 0.938446999, 0.239313006, -0.154363006]
        - [0.967796028, -0.249902993, -0.0256929994, 0.37191999]
        - [0.0357009992, 0.238022, -0.970476985, -0.181511998]
    - - - [-0.0192690007, -0.232374996, 0.971921027, 0.0420400016]
        - [0.0101770004, 0.971962988, 0.232630998, 0.859332025]
        - [-0.999256015, 0.0144119998, -0.0163790006, 1.11073506]
      - - [0.247324005, 0.938898027, 0.238951996, -0.154310003]
        - [0.968104005, -0.248909995, -0.0240369998, 0.371446013]
        - [0.036917001, 0.237297997, -0.970602989, -0.181364998]
    - - - [-0.0192499999, -0.231737003, 0.972135007, 0.0421879999]
        - [0.0101960003, 0.972130001, 0.231973007, 0.859238982]
        - [-0.999311984, 0.0143990004, -0.0163710006, 1.11131799]
      - - [0.245984003, 0.939355016, 0.238569006, -0.154273003]
        - [0.968411028, -0.247914001, -0.0223929994, 0.370981991]
        - [0.0381160006, 0.236558005, -0.970732987, -0.181231007]
    - - - [-0.0192469992, -0.230989993, 0.972334981, 0.0423009992]
        - [0.0102390004, 0.972329021, 0.231216997, 0.859115005]
        - [-0.999328017, 0.0144239999, -0.0163690001, 1.111889]
      - - [0.244645998, 0.939810991, 0.238190994, -0.154250994]
        - [0.968715012, -0.246938005, -0.0206620004, 0.37053299]
        - [0.0394069999, 0.235804006, -0.970862985, -0.181107]
    - - - [-0.0192169994, -0.230219007, 0.972432017, 0.0423379987]
        - [0.0102890003, 0.972482979, 0.230467007, 0.85897398]
        - [-0.999279976, 0.0144659998, -0.0163570009, 1.11241996]
      - - [0.243307993, 0.940262973, 0.237823993, -0.154245004]
        - [0.969013989, -0.245985001, -0.018832, 0.370101005]
        - [0.0408000015, 0.235039994, -0.970992029, -0.180995002]
    - - - [-0.0191760007, -0.229423001, 0.972523987, 0.0423300005]
        - [0.0103479996, 0.972636998, 0.229712993, 0.858816028]
        - [-0.999225974, 0.0145110004, -0.0163289998, 1.11292601]
      - - [0.241968006, 0.940694988, 0.237461001, -0.154253006]
        - [0.969290972, -0.245046005, -0.0169280004, 0.369684994]
        - [0.0422709994, 0.234268993, -0.971118987, -0.180892006]
    - - - [-0.0191300008, -0.228604004, 0.972654998, 0.0422869995]
        - [0.0104120001, 0.972810984, 0.228925005, 0.858645976]
        - [-0.99920398, 0.0145540005, -0.0162889995, 1.11345398]
      - - [0.240624994, 0.941112995, 0.237101004, -0.154276997]
        - [0.96955198, -0.244113997, -0.0149720004, 0.369278997]
        - [0.0437979996, 0.233494997, -0.971244991, -0.180799007]
    - - - [-0.0190810002, -0.227744997, 0.972845018, 0.0422200002]
        - [0.0104799997, 0.973021984, 0.228088006, 0.858476996]
        - [-0.999217987, 0.0145920003, -0.0162409991, 1.11400604]
      - - [0.239285007, 0.941529989, 0.236744002, -0.154313996]
        - [0.969811022, -0.243190005, -0.0129880002, 0.368880987]
        - [0.0453549996, 0.232721999, -0.971369982, -0.180714995]
    - - - [-0.0190309994, -0.226827994, 0.973101974, 0.0421370007]
        - [0.0105459997, 0.973277986, 0.227182999, 0.858308971]
        - [-0.999266028, 0.0146230003, -0.0161869992, 1.11458194]
      - - [0.237947002, 0.94194603, 0.236387998, -0.154367]
        - [0.970070004, -0.242266998, -0.0109999999, 0.368487]
        - [0.0469189994, 0.231952995, -0.971493006, -0.180639997]
    - - - [-0.0189830009, -0.225829005, 0.973408997, 0.0420380011]
        - [0.0106079997, 0.973582983, 0.226191998, 0.858147979]
        - [-0.999328971, 0.0146439997, -0.0161300004, 1.11517096]
      - - [0.236613005, 0.94236201, 0.236031994, -0.154432997]
        - [0.970327973, -0.241339996, -0.00903000031, 0.368095011]
        - [0.0484669991, 0.231190994, -0.97161603, -0.180572003]
    - - - [-0.0189410001, -0.224720001, 0.973702013, 0.0419249982]
        - [0.0106560001, 0.973892987, 0.225077003, 0.857990026]
        - [-0.999311984, 0.0146570001, -0.0160629991, 1.11569595]
      - - [0.235275999, 0.942779005, 0.235671997, -0.154512003]
        - [0.970565975, -0.240402997, -0.00710400008, 0.367698997]
        - [0.0499729998, 0.230435997, -0.971714973, -0.180510998]
    - - - [-0.0188859999, -0.223480001, 0.973984003, 0.0417909995]
        - [0.0107039995, 0.974151015, 0.223811001, 0.857837975]
        - [-0.99929899, 0.014653, -0.0160140004, 1.11621594]
      - - [0.233940005, 0.943195999, 0.235306993, -0.154606]
        - [0.970791996, -0.239453003, -0.00524399988, 0.367298007]
        - [0.0514129996, 0.229692996, -0.971800983, -0.180456996]
    - - - [-0.0187909994, -0.222053006, 0.974301994, 0.0416250005]
        - [0.0115520004, 0.974411011, 0.222359002, 0.857549012]
        - [-0.999297023, 0.0154200001, -0.0157709997, 1.11674094]
      - - [0.232608005, 0.943614006, 0.234937996, -0.154712006]
        - [0.97102201, -0.238487005, -0.00345800002, 0.366887987]
        - [0.0527819991, 0.228967994, -0.971885979, -0.180408999]
    - - - [-0.0187209994, -0.220473006, 0.974626005, 0.041499]
        - [0.0116010001, 0.97469002, 0.220753998, 0.8574]
        - [-0.999284983, 0.0154269999, -0.0157350004, 1.11727595]
      - - [0.231280997, 0.944033027, 0.234560996, -0.154831007]
        - [0.971256018, -0.237503007, -0.001758, 0.366472006]
        - [0.0540659986, 0.228258997, -0.971974015, -0.180368006]
    - - - [-0.0186500009, -0.218682006, 0.974979997, 0.0414149985]
        - [0.0116389999, 0.975027025, 0.218968004, 0.857240021]
        - [-0.999240994, 0.0154269999, -0.0156929996, 1.11779106]
