_sword_blur:
  Attack_Lsword_L:
  - end: 49
    frame_num: 50
    mtx:
    - - - [-0.886030972, 0.106991999, -0.450405002, 1.061257]
        - [-0.00402399991, 0.970879972, 0.238489002, 1.85497904]
        - [0.462936014, 0.213230997, -0.86005801, -0.795602024]
      - - [1.0, 0.0, 0.0, 0.0]
        - [0.0, 1.0, 0.0, 0.0]
        - [0.0, 0.0, 1.0, 0.0]
    - - - [-0.893091977, 0.113894001, -0.434390008, 1.08405006]
        - [0.00789900031, 0.970950007, 0.238289997, 1.84263098]
        - [0.449059993, 0.209481001, -0.868259013, -0.761717021]
      - - [1.0, 0.0, 0.0, 0.0]
        - [0.0, 1.0, 0.0, 0.0]
        - [0.0, 0.0, 1.0, 0.0]
    - - - [-0.909556985, 0.115057997, -0.398510009, 1.11988103]
        - [0.0190440007, 0.971135974, 0.236818999, 1.82980895]
        - [0.414368987, 0.207911, -0.885761976, -0.712758005]
      - - [1.0, 0.0, 0.0, 0.0]
        - [0.0, 1.0, 0.0, 0.0]
        - [0.0, 0.0, 1.0, 0.0]
    - - - [-0.931486011, 0.111443996, -0.345144987, 1.16460598]
        - [0.0295529999, 0.971581995, 0.233779997, 1.81643605]
        - [0.361499995, 0.207656994, -0.90862, -0.649622023]
      - - [1.0, 0.0, 0.0, 0.0]
        - [0.0, 1.0, 0.0, 0.0]
        - [0.0, 0.0, 1.0, 0.0]
    - - - [-0.954828978, 0.104139999, -0.276912004, 1.21399796]
        - [0.0396110006, 0.972392976, 0.228986993, 1.80234396]
        - [0.293280989, 0.207760006, -0.932816029, -0.57338798]
      - - [1.0, 0.0, 0.0, 0.0]
        - [0.0, 1.0, 0.0, 0.0]
        - [0.0, 0.0, 1.0, 0.0]
    - - - [-0.975409985, 0.0943939984, -0.196919993, 1.26346195]
        - [0.0492860004, 0.973411024, 0.222371995, 1.78746903]
        - [0.212785006, 0.207317993, -0.954469025, -0.485347003]
      - - [1.0, 0.0, 0.0, 0.0]
        - [0.0, 1.0, 0.0, 0.0]
        - [0.0, 0.0, 1.0, 0.0]
    - - - [-0.990175009, 0.0834520012, -0.108718, 1.30941999]
        - [0.0586250015, 0.974739015, 0.214102998, 1.77205896]
        - [0.123954996, 0.205733001, -0.970377982, -0.387795001]
      - - [1.0, 0.0, 0.0, 0.0]
        - [0.0, 1.0, 0.0, 0.0]
        - [0.0, 0.0, 1.0, 0.0]
    - - - [-0.996798992, 0.0725240037, -0.0165979993, 1.348364]
        - [0.0675949976, 0.976276994, 0.204503, 1.75624704]
        - [0.0310629997, 0.202828005, -0.978390992, -0.283601999]
      - - [1.0, 0.0, 0.0, 0.0]
        - [0.0, 1.0, 0.0, 0.0]
        - [0.0, 0.0, 1.0, 0.0]
    - - - [-0.994835019, 0.0626100004, 0.0749320015, 1.37841904]
        - [0.0761289969, 0.977716029, 0.194049001, 1.74029601]
        - [-0.0611030012, 0.198856995, -0.977818012, -0.176540002]
      - - [1.0, 0.0, 0.0, 0.0]
        - [0.0, 1.0, 0.0, 0.0]
        - [0.0, 0.0, 1.0, 0.0]
    - - - [-0.985038996, 0.0544340014, 0.161235005, 1.39843702]
        - [0.0841569975, 0.979149997, 0.183511004, 1.72465205]
        - [-0.147872999, 0.194423005, -0.969402015, -0.0708220005]
      - - [1.0, 0.0, 0.0, 0.0]
        - [0.0, 1.0, 0.0, 0.0]
        - [0.0, 0.0, 1.0, 0.0]
    - - - [-0.969617009, 0.0484259985, 0.238446996, 1.40879405]
        - [0.0917759985, 0.980081975, 0.174007997, 1.70961404]
        - [-0.225316003, 0.190706, -0.955172002, 0.029848]
      - - [1.0, 0.0, 0.0, 0.0]
        - [0.0, 1.0, 0.0, 0.0]
        - [0.0, 0.0, 1.0, 0.0]
    - - - [-0.949935019, 0.0438879989, 0.308317006, 1.41135502]
        - [0.0988869965, 0.981064022, 0.164929003, 1.69509399]
        - [-0.295280993, 0.187230006, -0.936616004, 0.125942007]
      - - [1.0, 0.0, 0.0, 0.0]
        - [0.0, 1.0, 0.0, 0.0]
        - [0.0, 0.0, 1.0, 0.0]
    - - - [-0.925203979, 0.0399800017, 0.376536012, 1.40735698]
        - [0.105751999, 0.981871009, 0.155630007, 1.68035996]
        - [-0.363593996, 0.183889002, -0.913030028, 0.222786993]
      - - [1.0, 0.0, 0.0, 0.0]
        - [0.0, 1.0, 0.0, 0.0]
        - [0.0, 0.0, 1.0, 0.0]
    - - - [-0.895465016, 0.0364819989, 0.442883015, 1.396577]
        - [0.112249002, 0.982578993, 0.146000996, 1.66553605]
        - [-0.429969996, 0.180535004, -0.884274006, 0.319904]
      - - [1.0, 0.0, 0.0, 0.0]
        - [0.0, 1.0, 0.0, 0.0]
        - [0.0, 0.0, 1.0, 0.0]
    - - - [-0.860817015, 0.0333020017, 0.507161975, 1.37887001]
        - [0.118183002, 0.983395994, 0.136008993, 1.65089202]
        - [-0.494334996, 0.177091002, -0.850670993, 0.416868001]
      - - [1.0, 0.0, 0.0, 0.0]
        - [0.0, 1.0, 0.0, 0.0]
        - [0.0, 0.0, 1.0, 0.0]
    - - - [-0.821318984, 0.0303320009, 0.569158018, 1.35409498]
        - [0.123359002, 0.984088004, 0.125547007, 1.63657701]
        - [-0.556478977, 0.173411995, -0.812236011, 0.513242006]
      - - [1.0, 0.0, 0.0, 0.0]
        - [0.0, 1.0, 0.0, 0.0]
        - [0.0, 0.0, 1.0, 0.0]
    - - - [-0.776843011, 0.0275289994, 0.628530979, 1.321962]
        - [0.127600998, 0.984938025, 0.114607997, 1.62288499]
        - [-0.616041005, 0.169315994, -0.768809974, 0.60847801]
      - - [1.0, 0.0, 0.0, 0.0]
        - [0.0, 1.0, 0.0, 0.0]
        - [0.0, 0.0, 1.0, 0.0]
    - - - [-0.727558017, 0.0248479992, 0.685137987, 1.28248703]
        - [0.130743995, 0.985791028, 0.103133999, 1.60981202]
        - [-0.672993004, 0.164719, -0.720750988, 0.702189028]
      - - [1.0, 0.0, 0.0, 0.0]
        - [0.0, 1.0, 0.0, 0.0]
        - [0.0, 0.0, 1.0, 0.0]
    - - - [-0.673409998, 0.0223229993, 0.73843199, 1.23544097]
        - [0.132632002, 0.986698985, 0.0911189988, 1.59765899]
        - [-0.726767004, 0.159383997, -0.667536974, 0.793765008]
      - - [1.0, 0.0, 0.0, 0.0]
        - [0.0, 1.0, 0.0, 0.0]
        - [0.0, 0.0, 1.0, 0.0]
    - - - [-0.614400029, 0.0200289991, 0.788300991, 1.18084395]
        - [0.133083001, 0.987742007, 0.0786050037, 1.58656597]
        - [-0.777269006, 0.153280005, -0.609661996, 0.882791996]
      - - [1.0, 0.0, 0.0, 0.0]
        - [0.0, 1.0, 0.0, 0.0]
        - [0.0, 0.0, 1.0, 0.0]
    - - - [-0.550481021, 0.0180440005, 0.834236979, 1.11860204]
        - [0.131890997, 0.988813996, 0.0656199977, 1.57679701]
        - [-0.823933005, 0.146225005, -0.546851993, 0.968698978]
      - - [1.0, 0.0, 0.0, 0.0]
        - [0.0, 1.0, 0.0, 0.0]
        - [0.0, 0.0, 1.0, 0.0]
    - - - [-0.486550987, 0.0168859996, 0.873166978, 1.04916]
        - [0.128404006, 0.990132987, 0.0523989983, 1.56842101]
        - [-0.863843024, 0.137664005, -0.484039009, 1.05065298]
      - - [1.0, 0.0, 0.0, 0.0]
        - [0.0, 1.0, 0.0, 0.0]
        - [0.0, 0.0, 1.0, 0.0]
    - - - [-0.426153004, 0.0170770008, 0.904137015, 0.973047018]
        - [0.122561999, 0.991420984, 0.0390160009, 1.56133902]
        - [-0.895958006, 0.127479002, -0.424713999, 1.12785995]
      - - [1.0, 0.0, 0.0, 0.0]
        - [0.0, 1.0, 0.0, 0.0]
        - [0.0, 0.0, 1.0, 0.0]
    - - - [-0.367134005, 0.0187539998, 0.929594994, 0.890552998]
        - [0.115264997, 0.992757976, 0.0254640002, 1.55544496]
        - [-0.922600985, 0.116540998, -0.366701007, 1.19987702]
      - - [1.0, 0.0, 0.0, 0.0]
        - [0.0, 1.0, 0.0, 0.0]
        - [0.0, 0.0, 1.0, 0.0]
    - - - [-0.306786001, 0.0218160003, 0.951063991, 0.80182898]
        - [0.107219003, 0.993812025, 0.0117579997, 1.55045199]
        - [-0.945276976, 0.105636001, -0.307312995, 1.26623404]
      - - [1.0, 0.0, 0.0, 0.0]
        - [0.0, 1.0, 0.0, 0.0]
        - [0.0, 0.0, 1.0, 0.0]
    - - - [-0.242218003, 0.0260099992, 0.969542027, 0.707360029]
        - [0.098931998, 0.994862974, -0.00197599991, 1.54623902]
        - [-0.964830995, 0.0955090001, -0.243567005, 1.32660496]
      - - [1.0, 0.0, 0.0, 0.0]
        - [0.0, 1.0, 0.0, 0.0]
        - [0.0, 0.0, 1.0, 0.0]
    - - - [-0.170102999, 0.0308720004, 0.984453976, 0.607131004]
        - [0.0906559974, 0.995411992, -0.0155389998, 1.542418]
        - [-0.980755985, 0.0867030025, -0.172216997, 1.380072]
      - - [1.0, 0.0, 0.0, 0.0]
        - [0.0, 1.0, 0.0, 0.0]
        - [0.0, 0.0, 1.0, 0.0]
    - - - [-0.0874650031, 0.0358389989, 0.995114982, 0.501928985]
        - [0.0825430006, 0.995877981, -0.0286289994, 1.53880703]
        - [-0.992376029, 0.0796890035, -0.0900460035, 1.42664194]
      - - [1.0, 0.0, 0.0, 0.0]
        - [0.0, 1.0, 0.0, 0.0]
        - [0.0, 0.0, 1.0, 0.0]
    - - - [0.00893600006, 0.0402499996, 0.998674989, 0.391896993]
        - [0.0744429976, 0.995972991, -0.040835999, 1.53519499]
        - [-0.996712029, 0.0747490004, 0.0059150001, 1.46547496]
      - - [1.0, 0.0, 0.0, 0.0]
        - [0.0, 1.0, 0.0, 0.0]
        - [0.0, 0.0, 1.0, 0.0]
    - - - [0.121518001, 0.0433810018, 0.99120301, 0.277664006]
        - [0.066267997, 0.996172011, -0.0517459996, 1.53142595]
        - [-0.989971995, 0.0719899982, 0.118230999, 1.49629498]
      - - [1.0, 0.0, 0.0, 0.0]
        - [0.0, 1.0, 0.0, 0.0]
        - [0.0, 0.0, 1.0, 0.0]
    - - - [0.251289994, 0.0442139991, 0.966627002, 0.160219997]
        - [0.0581899993, 0.996075988, -0.0607049987, 1.52694201]
        - [-0.96587199, 0.0715039968, 0.247814, 1.518839]
      - - [1.0, 0.0, 0.0, 0.0]
        - [0.0, 1.0, 0.0, 0.0]
        - [0.0, 0.0, 1.0, 0.0]
    - - - [0.406208009, 0.042374, 0.912366986, 0.0328809991]
        - [0.048785001, 0.996178985, -0.0680000037, 1.52229404]
        - [-0.912105978, 0.0721800029, 0.402711004, 1.53250802]
      - - [1.0, 0.0, 0.0, 0.0]
        - [0.0, 1.0, 0.0, 0.0]
        - [0.0, 0.0, 1.0, 0.0]
    - - - [0.579014003, 0.0376590006, 0.813897014, -0.106647]
        - [0.0378829986, 0.996200979, -0.0730770007, 1.51720905]
        - [-0.813880026, 0.0731860027, 0.575623989, 1.53559995]
      - - [1.0, 0.0, 0.0, 0.0]
        - [0.0, 1.0, 0.0, 0.0]
        - [0.0, 0.0, 1.0, 0.0]
    - - - [0.745867014, 0.0306180008, 0.66465801, -0.253259003]
        - [0.0263769999, 0.99642998, -0.0755510032, 1.51172996]
        - [-0.664865017, 0.0739270002, 0.74268502, 1.52582204]
      - - [1.0, 0.0, 0.0, 0.0]
        - [0.0, 1.0, 0.0, 0.0]
        - [0.0, 0.0, 1.0, 0.0]
    - - - [0.882651985, 0.0219160002, 0.468663007, -0.401412994]
        - [0.0153219998, 0.996652007, -0.0755240023, 1.50585103]
        - [-0.468923986, 0.0738879964, 0.879670024, 1.50226605]
      - - [1.0, 0.0, 0.0, 0.0]
        - [0.0, 1.0, 0.0, 0.0]
        - [0.0, 0.0, 1.0, 0.0]
    - - - [0.970098019, 0.0122790001, 0.240502998, -0.54549998]
        - [0.00560199982, 0.996967018, -0.0735730007, 1.499663]
        - [-0.240744993, 0.0727899969, 0.96734798, 1.46558797]
      - - [1.0, 0.0, 0.0, 0.0]
        - [0.0, 1.0, 0.0, 0.0]
        - [0.0, 0.0, 1.0, 0.0]
    - - - [0.99962002, 0.0024639999, 0.00241399999, -0.680435002]
        - [-0.00228899997, 0.997178972, -0.0706019998, 1.49313402]
        - [-0.002599, 0.0705550015, 0.997111022, 1.418522]
      - - [1.0, 0.0, 0.0, 0.0]
        - [0.0, 1.0, 0.0, 0.0]
        - [0.0, 0.0, 1.0, 0.0]
    - - - [0.974632025, -0.00684199994, -0.221814007, -0.801644027]
        - [-0.00834400021, 0.997348011, -0.0673659965, 1.48667896]
        - [0.221760005, 0.0674970001, 0.972337008, 1.36481297]
      - - [1.0, 0.0, 0.0, 0.0]
        - [0.0, 1.0, 0.0, 0.0]
        - [0.0, 0.0, 1.0, 0.0]
    - - - [0.910206974, -0.0150260003, -0.412730008, -0.905521989]
        - [-0.0128229996, 0.997511983, -0.0645290017, 1.48050404]
        - [0.41276899, 0.0640290007, 0.908064008, 1.30948102]
      - - [1.0, 0.0, 0.0, 0.0]
        - [0.0, 1.0, 0.0, 0.0]
        - [0.0, 0.0, 1.0, 0.0]
    - - - [0.828574002, -0.0216060001, -0.55892998, -0.989482999]
        - [-0.0161359999, 0.997604012, -0.0624289997, 1.47495902]
        - [0.559067011, 0.060757, 0.826493979, 1.25850904]
      - - [1.0, 0.0, 0.0, 0.0]
        - [0.0, 1.0, 0.0, 0.0]
        - [0.0, 0.0, 1.0, 0.0]
    - - - [0.753238022, -0.0265900008, -0.656719983, -1.05138302]
        - [-0.0180709995, 0.997704029, -0.0610609986, 1.47058499]
        - [0.656978011, 0.0578889996, 0.751221001, 1.21729505]
      - - [1.0, 0.0, 0.0, 0.0]
        - [0.0, 1.0, 0.0, 0.0]
        - [0.0, 0.0, 1.0, 0.0]
    - - - [0.699311018, -0.0295759998, -0.713689029, -1.09093595]
        - [-0.0195879992, 0.997753024, -0.0604729988, 1.467448]
        - [0.714012027, 0.0563119985, 0.697350979, 1.19050801]
      - - [1.0, 0.0, 0.0, 0.0]
        - [0.0, 1.0, 0.0, 0.0]
        - [0.0, 0.0, 1.0, 0.0]
    - - - [0.66781199, -0.0315390006, -0.743149996, -1.11223805]
        - [-0.0200919993, 0.997744024, -0.0603239983, 1.46575403]
        - [0.743520021, 0.0552730002, 0.66585499, 1.17751801]
      - - [1.0, 0.0, 0.0, 0.0]
        - [0.0, 1.0, 0.0, 0.0]
        - [0.0, 0.0, 1.0, 0.0]
    - - - [0.65734297, -0.032664001, -0.752309024, -1.11868203]
        - [-0.0197689999, 0.997735977, -0.0605139993, 1.46535206]
        - [0.752732992, 0.054717999, 0.655399978, 1.17662203]
      - - [1.0, 0.0, 0.0, 0.0]
        - [0.0, 1.0, 0.0, 0.0]
        - [0.0, 0.0, 1.0, 0.0]
    - - - [0.664245009, -0.0331230015, -0.746185005, -1.11332297]
        - [-0.0187860001, 0.997712016, -0.0609319992, 1.46600902]
        - [0.746665001, 0.0545599982, 0.662311018, 1.185534]
      - - [1.0, 0.0, 0.0, 0.0]
        - [0.0, 1.0, 0.0, 0.0]
        - [0.0, 0.0, 1.0, 0.0]
    - - - [0.683672011, -0.0330809988, -0.728513002, -1.09893596]
        - [-0.0173099991, 0.997689009, -0.0614750013, 1.46748495]
        - [0.729054987, 0.0546980016, 0.681751013, 1.20161998]
      - - [1.0, 0.0, 0.0, 0.0]
        - [0.0, 1.0, 0.0, 0.0]
        - [0.0, 0.0, 1.0, 0.0]
    - - - [0.710304022, -0.0327019989, -0.702544987, -1.07824004]
        - [-0.0155109996, 0.997672021, -0.062043, 1.46951199]
        - [0.703148007, 0.0550299995, 0.708405018, 1.22215497]
      - - [1.0, 0.0, 0.0, 0.0]
        - [0.0, 1.0, 0.0, 0.0]
        - [0.0, 0.0, 1.0, 0.0]
    - - - [0.739161015, -0.032145001, -0.671985984, -1.05391002]
        - [-0.01358, 0.997664988, -0.0625820011, 1.47180402]
        - [0.672644973, 0.0554389991, 0.737287998, 1.24433804]
      - - [1.0, 0.0, 0.0, 0.0]
        - [0.0, 1.0, 0.0, 0.0]
        - [0.0, 0.0, 1.0, 0.0]
    - - - [0.766038001, -0.0315859988, -0.641315997, -1.02918601]
        - [-0.0117070004, 0.997626007, -0.0630450025, 1.47406602]
        - [0.642013013, 0.0558530018, 0.764154971, 1.26605403]
      - - [1.0, 0.0, 0.0, 0.0]
        - [0.0, 1.0, 0.0, 0.0]
        - [0.0, 0.0, 1.0, 0.0]
    - - - [0.787069023, -0.0311949998, -0.615332007, -1.00703204]
        - [-0.0101030003, 0.997600973, -0.0634239987, 1.47602201]
        - [0.616061985, 0.0561789982, 0.785180986, 1.28496301]
      - - [1.0, 0.0, 0.0, 0.0]
        - [0.0, 1.0, 0.0, 0.0]
        - [0.0, 0.0, 1.0, 0.0]
    start: 44
  - end: 109
    frame_num: 50
    mtx:
    - - - [0.777944028, -0.165258005, -0.605714977, -1.09704602]
        - [0.164866, -0.876932025, 0.451005995, 1.70465398]
        - [-0.605835021, -0.450857013, -0.655028999, 0.85829097]
      - - [1.0, 0.0, 0.0, 0.0]
        - [0.0, 1.0, 0.0, 0.0]
        - [0.0, 0.0, 1.0, 0.0]
    - - - [0.779636979, -0.164329007, -0.603766024, -1.09886706]
        - [0.165646002, -0.876085997, 0.452353001, 1.70524096]
        - [-0.603411973, -0.452822, -0.655883014, 0.855682015]
      - - [1.0, 0.0, 0.0, 0.0]
        - [0.0, 1.0, 0.0, 0.0]
        - [0.0, 0.0, 1.0, 0.0]
    - - - [0.783986986, -0.161690995, -0.598801017, -1.10352099]
        - [0.167395994, -0.874244988, 0.455240995, 1.70570099]
        - [-0.597220004, -0.457284003, -0.658415973, 0.848978996]
      - - [1.0, 0.0, 0.0, 0.0]
        - [0.0, 1.0, 0.0, 0.0]
        - [0.0, 0.0, 1.0, 0.0]
    - - - [0.789822996, -0.158041999, -0.592117012, -1.10976696]
        - [0.169713005, -0.871791005, 0.459078997, 1.70610297]
        - [-0.588842988, -0.463230014, -0.661840975, 0.839937985]
      - - [1.0, 0.0, 0.0, 0.0]
        - [0.0, 1.0, 0.0, 0.0]
        - [0.0, 0.0, 1.0, 0.0]
    - - - [0.795951009, -0.154099002, -0.584967017, -1.11633897]
        - [0.172196999, -0.869091988, 0.463263988, 1.70651102]
        - [-0.579841018, -0.469619989, -0.665335, 0.830303013]
      - - [1.0, 0.0, 0.0, 0.0]
        - [0.0, 1.0, 0.0, 0.0]
        - [0.0, 0.0, 1.0, 0.0]
    - - - [0.801205993, -0.150627002, -0.578577995, -1.12195396]
        - [0.174448997, -0.86648798, 0.467171013, 1.70697606]
        - [-0.57178098, -0.475392997, -0.668070018, 0.821757972]
      - - [1.0, 0.0, 0.0, 0.0]
        - [0.0, 1.0, 0.0, 0.0]
        - [0.0, 0.0, 1.0, 0.0]
    - - - [0.804602981, -0.148498997, -0.574330986, -1.12557602]
        - [0.176104993, -0.864458978, 0.47024101, 1.70754802]
        - [-0.566406012, -0.479663014, -0.669503987, 0.816156983]
      - - [1.0, 0.0, 0.0, 0.0]
        - [0.0, 1.0, 0.0, 0.0]
        - [0.0, 0.0, 1.0, 0.0]
    - - - [0.805142999, -0.148589998, -0.573543012, -1.12612796]
        - [0.176787004, -0.863417029, 0.471877009, 1.70827198]
        - [-0.565418005, -0.481487989, -0.669013023, 0.815334022]
      - - [1.0, 0.0, 0.0, 0.0]
        - [0.0, 1.0, 0.0, 0.0]
        - [0.0, 0.0, 1.0, 0.0]
    - - - [0.801760018, -0.151749998, -0.577498972, -1.12246299]
        - [0.176113993, -0.863775015, 0.471489996, 1.70919704]
        - [-0.570475996, -0.479889005, -0.665920973, 0.821076989]
      - - [1.0, 0.0, 0.0, 0.0]
        - [0.0, 1.0, 0.0, 0.0]
        - [0.0, 0.0, 1.0, 0.0]
    - - - [0.793214023, -0.158711001, -0.587415993, -1.11324203]
        - [0.173682004, -0.865929008, 0.468499988, 1.71039605]
        - [-0.583119988, -0.473796993, -0.659402013, 0.835054994]
      - - [1.0, 0.0, 0.0, 0.0]
        - [0.0, 1.0, 0.0, 0.0]
        - [0.0, 0.0, 1.0, 0.0]
    - - - [0.777989984, -0.169983, -0.604359984, -1.096843]
        - [0.169024006, -0.870249987, 0.462361991, 1.71198201]
        - [-0.60463798, -0.462002993, -0.648392975, 0.858847022]
      - - [1.0, 0.0, 0.0, 0.0]
        - [0.0, 1.0, 0.0, 0.0]
        - [0.0, 0.0, 1.0, 0.0]
    - - - [0.754745007, -0.185919002, -0.628665984, -1.07167304]
        - [0.160975993, -0.876819015, 0.452571005, 1.71480501]
        - [-0.635468006, -0.442923993, -0.631959975, 0.892765999]
      - - [1.0, 0.0, 0.0, 0.0]
        - [0.0, 1.0, 0.0, 0.0]
        - [0.0, 0.0, 1.0, 0.0]
    - - - [0.72330898, -0.205265, -0.658755004, -1.03740704]
        - [0.149162993, -0.88538897, 0.439664006, 1.71944797]
        - [-0.673640013, -0.416413993, -0.609898984, 0.934769988]
      - - [1.0, 0.0, 0.0, 0.0]
        - [0.0, 1.0, 0.0, 0.0]
        - [0.0, 0.0, 1.0, 0.0]
    - - - [0.683894992, -0.226052999, -0.693297982, -0.994512975]
        - [0.134342998, -0.89517498, 0.424394011, 1.72553396]
        - [-0.716663003, -0.383509994, -0.581961989, 0.982607007]
      - - [1.0, 0.0, 0.0, 0.0]
        - [0.0, 1.0, 0.0, 0.0]
        - [0.0, 0.0, 1.0, 0.0]
    - - - [0.636623979, -0.246205002, -0.730346978, -0.943144977]
        - [0.117311001, -0.905323029, 0.407442987, 1.73265302]
        - [-0.761713982, -0.345174015, -0.547549009, 1.03372598]
      - - [1.0, 0.0, 0.0, 0.0]
        - [0.0, 1.0, 0.0, 0.0]
        - [0.0, 0.0, 1.0, 0.0]
    - - - [0.582252979, -0.264097989, -0.768436015, -0.884208977]
        - [0.0989950001, -0.915277004, 0.389566004, 1.74029601]
        - [-0.806397974, -0.302994996, -0.506878972, 1.08589399]
      - - [1.0, 0.0, 0.0, 0.0]
        - [0.0, 1.0, 0.0, 0.0]
        - [0.0, 0.0, 1.0, 0.0]
    - - - [0.52193898, -0.278346986, -0.805818021, -0.818850994]
        - [0.0804079995, -0.924598992, 0.37144801, 1.74785495]
        - [-0.848666012, -0.258740991, -0.460276991, 1.13713002]
      - - [1.0, 0.0, 0.0, 0.0]
        - [0.0, 1.0, 0.0, 0.0]
        - [0.0, 0.0, 1.0, 0.0]
    - - - [0.457177997, -0.288091987, -0.840956986, -0.748588979]
        - [0.0626460016, -0.932887018, 0.353632987, 1.75460696]
        - [-0.886667013, -0.214411005, -0.408493996, 1.18563199]
      - - [1.0, 0.0, 0.0, 0.0]
        - [0.0, 1.0, 0.0, 0.0]
        - [0.0, 0.0, 1.0, 0.0]
    - - - [0.389854997, -0.293031007, -0.872593999, -0.675373018]
        - [0.0469049998, -0.940122008, 0.336650014, 1.759745]
        - [-0.919224977, -0.172212005, -0.352809995, 1.23009598]
      - - [1.0, 0.0, 0.0, 0.0]
        - [0.0, 1.0, 0.0, 0.0]
        - [0.0, 0.0, 1.0, 0.0]
    - - - [0.322124988, -0.293357015, -0.899726987, -0.601450026]
        - [0.0344000012, -0.946237028, 0.320820004, 1.76238096]
        - [-0.945662022, -0.134320006, -0.294753999, 1.269683]
      - - [1.0, 0.0, 0.0, 0.0]
        - [0.0, 1.0, 0.0, 0.0]
        - [0.0, 0.0, 1.0, 0.0]
    - - - [0.256439, -0.289752007, -0.921751976, -0.529420972]
        - [0.0261230003, -0.951363981, 0.306309015, 1.76189804]
        - [-0.965898991, -0.102649003, -0.236408994, 1.30377495]
      - - [1.0, 0.0, 0.0, 0.0]
        - [0.0, 1.0, 0.0, 0.0]
        - [0.0, 0.0, 1.0, 0.0]
    - - - [0.191369995, -0.282680988, -0.939642012, -0.457859993]
        - [0.0229470003, -0.955870986, 0.292210996, 1.75700104]
        - [-0.981019974, -0.0774900019, -0.176378995, 1.33421397]
      - - [1.0, 0.0, 0.0, 0.0]
        - [0.0, 1.0, 0.0, 0.0]
        - [0.0, 0.0, 1.0, 0.0]
    - - - [0.124581002, -0.272381991, -0.953895986, -0.383814007]
        - [0.0238199998, -0.96025002, 0.277291, 1.748299]
        - [-0.991756022, -0.0572529994, -0.113068998, 1.36177099]
      - - [1.0, 0.0, 0.0, 0.0]
        - [0.0, 1.0, 0.0, 0.0]
        - [0.0, 0.0, 1.0, 0.0]
    - - - [0.0566070005, -0.259638995, -0.963768005, -0.307453007]
        - [0.0279890001, -0.964523017, 0.26148501, 1.73640501]
        - [-0.997722983, -0.0417600013, -0.0472790003, 1.38574195]
      - - [1.0, 0.0, 0.0, 0.0]
        - [0.0, 1.0, 0.0, 0.0]
        - [0.0, 0.0, 1.0, 0.0]
    - - - [-0.0119740004, -0.245330006, -0.969054997, -0.229139999]
        - [0.034674, -0.968720019, 0.244827002, 1.721995]
        - [-0.999026, -0.0306659993, 0.0200989991, 1.40594399]
      - - [1.0, 0.0, 0.0, 0.0]
        - [0.0, 1.0, 0.0, 0.0]
        - [0.0, 0.0, 1.0, 0.0]
    - - - [-0.0805419981, -0.230214, -0.969462991, -0.149297997]
        - [0.0430469997, -0.972612023, 0.227404997, 1.70568705]
        - [-0.995522976, -0.0234159995, 0.0882740021, 1.421929]
      - - [1.0, 0.0, 0.0, 0.0]
        - [0.0, 1.0, 0.0, 0.0]
        - [0.0, 0.0, 1.0, 0.0]
    - - - [-0.148599997, -0.215005994, -0.964936018, -0.0682649985]
        - [0.0522559993, -0.976114988, 0.209472001, 1.68832004]
        - [-0.987187028, -0.0192990005, 0.156378001, 1.433393]
      - - [1.0, 0.0, 0.0, 0.0]
        - [0.0, 1.0, 0.0, 0.0]
        - [0.0, 0.0, 1.0, 0.0]
    - - - [-0.215684995, -0.200269997, -0.955385029, 0.0136000002]
        - [0.0614360012, -0.97932601, 0.191437006, 1.67073095]
        - [-0.974218011, -0.0174279995, 0.223609999, 1.44011903]
      - - [1.0, 0.0, 0.0, 0.0]
        - [0.0, 1.0, 0.0, 0.0]
        - [0.0, 0.0, 1.0, 0.0]
    - - - [-0.281273991, -0.186463997, -0.940936983, 0.0957970023]
        - [0.0696920007, -0.98210001, 0.173776001, 1.65374303]
        - [-0.956773996, -0.0167420004, 0.289332002, 1.44204903]
      - - [1.0, 0.0, 0.0, 0.0]
        - [0.0, 1.0, 0.0, 0.0]
        - [0.0, 0.0, 1.0, 0.0]
    - - - [-0.344963998, -0.173861995, -0.921900988, 0.177901998]
        - [0.0761400014, -0.984341979, 0.157107994, 1.63825095]
        - [-0.935118973, -0.0160460006, 0.353017002, 1.43919003]
      - - [1.0, 0.0, 0.0, 0.0]
        - [0.0, 1.0, 0.0, 0.0]
        - [0.0, 0.0, 1.0, 0.0]
    - - - [-0.406940013, -0.162304997, -0.898496985, 0.260031998]
        - [0.0801300034, -0.98635, 0.141864002, 1.62478602]
        - [-0.909564972, -0.0143050002, 0.414561987, 1.43194795]
      - - [1.0, 0.0, 0.0, 0.0]
        - [0.0, 1.0, 0.0, 0.0]
        - [0.0, 0.0, 1.0, 0.0]
    - - - [-0.461396009, -0.152099997, -0.873712003, 0.340581]
        - [0.0808380023, -0.988067985, 0.129326999, 1.61393201]
        - [-0.883228004, -0.0109860003, 0.468282014, 1.42029405]
      - - [1.0, 0.0, 0.0, 0.0]
        - [0.0, 1.0, 0.0, 0.0]
        - [0.0, 0.0, 1.0, 0.0]
    - - - [-0.506323993, -0.142851993, -0.849911988, 0.419449002]
        - [0.0792730004, -0.989368975, 0.119087003, 1.60428405]
        - [-0.858232021, -0.00708300015, 0.512489021, 1.40470505]
      - - [1.0, 0.0, 0.0, 0.0]
        - [0.0, 1.0, 0.0, 0.0]
        - [0.0, 0.0, 1.0, 0.0]
    - - - [-0.545660019, -0.134358004, -0.82663101, 0.497043014]
        - [0.0763079971, -0.990592003, 0.110665999, 1.59570301]
        - [-0.834016025, -0.00268499996, 0.551007986, 1.38546705]
      - - [1.0, 0.0, 0.0, 0.0]
        - [0.0, 1.0, 0.0, 0.0]
        - [0.0, 0.0, 1.0, 0.0]
    - - - [-0.582755983, -0.126398996, -0.802313983, 0.573592007]
        - [0.0726300031, -0.991768003, 0.103505999, 1.587924]
        - [-0.808979988, 0.00205900008, 0.587280989, 1.36253297]
      - - [1.0, 0.0, 0.0, 0.0]
        - [0.0, 1.0, 0.0, 0.0]
        - [0.0, 0.0, 1.0, 0.0]
    - - - [-0.62046802, -0.118773997, -0.774742007, 0.649159014]
        - [0.0687939972, -0.992587984, 0.0970629975, 1.58071494]
        - [-0.780816972, 0.00692099985, 0.624341011, 1.33548498]
      - - [1.0, 0.0, 0.0, 0.0]
        - [0.0, 1.0, 0.0, 0.0]
        - [0.0, 0.0, 1.0, 0.0]
    - - - [-0.661386013, -0.111341, -0.741150975, 0.724043012]
        - [0.0653790012, -0.993439972, 0.0908859968, 1.57380903]
        - [-0.746653974, 0.0116410004, 0.66453898, 1.30402994]
      - - [1.0, 0.0, 0.0, 0.0]
        - [0.0, 1.0, 0.0, 0.0]
        - [0.0, 0.0, 1.0, 0.0]
    - - - [-0.707464993, -0.104065999, -0.698417008, 0.798300028]
        - [0.0628200024, -0.994183004, 0.0845059976, 1.56696701]
        - [-0.703315973, 0.0158920009, 0.710106015, 1.26798296]
      - - [1.0, 0.0, 0.0, 0.0]
        - [0.0, 1.0, 0.0, 0.0]
        - [0.0, 0.0, 1.0, 0.0]
    - - - [-0.759629011, -0.0969550014, -0.642305017, 0.872070014]
        - [0.0614870004, -0.994744003, 0.0774390027, 1.55995798]
        - [-0.646708012, 0.0193119999, 0.761905015, 1.22699106]
      - - [1.0, 0.0, 0.0, 0.0]
        - [0.0, 1.0, 0.0, 0.0]
        - [0.0, 0.0, 1.0, 0.0]
    - - - [-0.817595005, -0.0901160017, -0.568108976, 0.945412993]
        - [0.0616459996, -0.995414972, 0.069186002, 1.55256605]
        - [-0.571964025, 0.0215169992, 0.819598019, 1.18053305]
      - - [1.0, 0.0, 0.0, 0.0]
        - [0.0, 1.0, 0.0, 0.0]
        - [0.0, 0.0, 1.0, 0.0]
    - - - [-0.878279984, -0.0838539973, -0.469897985, 1.017928]
        - [0.0633440018, -0.995926023, 0.0593039989, 1.54451597]
        - [-0.47310099, 0.0222970005, 0.880329013, 1.12779903]
      - - [1.0, 0.0, 0.0, 0.0]
        - [0.0, 1.0, 0.0, 0.0]
        - [0.0, 0.0, 1.0, 0.0]
    - - - [-0.938740015, -0.0778660029, -0.334421009, 1.09328306]
        - [0.0659530014, -0.996466994, 0.0467859991, 1.53563702]
        - [-0.337013006, 0.0218400005, 0.940858006, 1.065063]
      - - [1.0, 0.0, 0.0, 0.0]
        - [0.0, 1.0, 0.0, 0.0]
        - [0.0, 0.0, 1.0, 0.0]
    - - - [-0.984607995, -0.0722559988, -0.156464994, 1.17205298]
        - [0.0680309981, -0.996933997, 0.0321099982, 1.52615499]
        - [-0.158380002, 0.0209619999, 0.98674202, 0.989583015]
      - - [1.0, 0.0, 0.0, 0.0]
        - [0.0, 1.0, 0.0, 0.0]
        - [0.0, 0.0, 1.0, 0.0]
    - - - [-0.995995998, -0.0672499985, 0.0525400005, 1.24964595]
        - [0.0682120025, -0.997264981, 0.0160130002, 1.51618803]
        - [0.0513509996, 0.0195339993, 0.998201013, 0.90329802]
      - - [1.0, 0.0, 0.0, 0.0]
        - [0.0, 1.0, 0.0, 0.0]
        - [0.0, 0.0, 1.0, 0.0]
    - - - [-0.959132016, -0.0630929992, 0.274641991, 1.32229698]
        - [0.0655319989, -0.997633994, -0.000468000013, 1.50611401]
        - [0.274049014, 0.0175410006, 0.961221993, 0.808884025]
      - - [1.0, 0.0, 0.0, 0.0]
        - [0.0, 1.0, 0.0, 0.0]
        - [0.0, 0.0, 1.0, 0.0]
    - - - [-0.870283008, -0.0598959997, 0.487937003, 1.38692403]
        - [0.0596649982, -0.997799993, -0.0161070004, 1.496171]
        - [0.487946987, 0.0150779998, 0.872183025, 0.709982991]
      - - [1.0, 0.0, 0.0, 0.0]
        - [0.0, 1.0, 0.0, 0.0]
        - [0.0, 0.0, 1.0, 0.0]
    - - - [-0.737419009, -0.0577160008, 0.672288001, 1.44196701]
        - [0.0509719998, -0.997956991, -0.0297519993, 1.48655403]
        - [0.672820985, 0.0123030003, 0.739112973, 0.611222029]
      - - [1.0, 0.0, 0.0, 0.0]
        - [0.0, 1.0, 0.0, 0.0]
        - [0.0, 0.0, 1.0, 0.0]
    - - - [-0.577509999, -0.0564929992, 0.813929021, 1.48647594]
        - [0.0403649993, -0.998179972, -0.0405929983, 1.47759604]
        - [0.814902008, 0.00938600022, 0.578867972, 0.51721102]
      - - [1.0, 0.0, 0.0, 0.0]
        - [0.0, 1.0, 0.0, 0.0]
        - [0.0, 0.0, 1.0, 0.0]
    - - - [-0.412658989, -0.0560790002, 0.908762991, 1.52072704]
        - [0.0290929992, -0.998194993, -0.0483219996, 1.46956098]
        - [0.910018027, 0.006482, 0.413634986, 0.433043987]
      - - [1.0, 0.0, 0.0, 0.0]
        - [0.0, 1.0, 0.0, 0.0]
        - [0.0, 0.0, 1.0, 0.0]
    - - - [-0.265091002, -0.0562690012, 0.962148011, 1.545385]
        - [0.0185230002, -0.998153985, -0.0531970002, 1.46266305]
        - [0.963612974, 0.00370600005, 0.265763015, 0.363757014]
      - - [1.0, 0.0, 0.0, 0.0]
        - [0.0, 1.0, 0.0, 0.0]
        - [0.0, 0.0, 1.0, 0.0]
    start: 104
  Attack_Lsword_R:
  - end: 49
    frame_num: 50
    mtx:
    - - - [0.886026978, 0.107082002, 0.450392008, -1.06125903]
        - [-0.00398600008, -0.970848978, 0.238608003, 1.85499001]
        - [0.462945014, -0.213318005, -0.860032022, -0.795599997]
      - - [1.0, 0.0, 0.0, 0.0]
        - [0.0, 1.0, 0.0, 0.0]
        - [0.0, 0.0, 1.0, 0.0]
    - - - [0.893087029, 0.113985002, 0.434374005, -1.08405197]
        - [0.00793800037, -0.970918, 0.238414004, 1.84264195]
        - [0.449068993, -0.209573001, -0.868230999, -0.761713982]
      - - [1.0, 0.0, 0.0, 0.0]
        - [0.0, 1.0, 0.0, 0.0]
        - [0.0, 0.0, 1.0, 0.0]
    - - - [0.909552991, 0.115149997, 0.398496002, -1.11988199]
        - [0.0190859996, -0.97110498, 0.236949995, 1.82982099]
        - [0.414377004, -0.208012998, -0.885734975, -0.712755978]
      - - [1.0, 0.0, 0.0, 0.0]
        - [0.0, 1.0, 0.0, 0.0]
        - [0.0, 0.0, 1.0, 0.0]
    - - - [0.931481004, 0.111534998, 0.345129997, -1.164608]
        - [0.0295969993, -0.971548975, 0.233917996, 1.81644905]
        - [0.361510009, -0.207769006, -0.908590972, -0.649618983]
      - - [1.0, 0.0, 0.0, 0.0]
        - [0.0, 1.0, 0.0, 0.0]
        - [0.0, 0.0, 1.0, 0.0]
    - - - [0.954823971, 0.104226999, 0.276896, -1.21399999]
        - [0.0396579988, -0.972356021, 0.229132995, 1.80235803]
        - [0.293291986, -0.207885996, -0.932784021, -0.573385]
      - - [1.0, 0.0, 0.0, 0.0]
        - [0.0, 1.0, 0.0, 0.0]
        - [0.0, 0.0, 1.0, 0.0]
    - - - [0.975405991, 0.0944769979, 0.196905002, -1.26346397]
        - [0.0493369997, -0.973372996, 0.222531006, 1.78748405]
        - [0.212796003, -0.207461998, -0.954437017, -0.485343993]
      - - [1.0, 0.0, 0.0, 0.0]
        - [0.0, 1.0, 0.0, 0.0]
        - [0.0, 0.0, 1.0, 0.0]
    - - - [0.990171015, 0.083529003, 0.108703002, -1.30942094]
        - [0.058681, -0.974696994, 0.214276001, 1.77207506]
        - [0.123966999, -0.205899, -0.970341027, -0.387791991]
      - - [1.0, 0.0, 0.0, 0.0]
        - [0.0, 1.0, 0.0, 0.0]
        - [0.0, 0.0, 1.0, 0.0]
    - - - [0.996794999, 0.0725909993, 0.0165839996, -1.34836495]
        - [0.0676579997, -0.976234019, 0.204696, 1.75626504]
        - [0.0310750008, -0.203018993, -0.978353024, -0.283598006]
      - - [1.0, 0.0, 0.0, 0.0]
        - [0.0, 1.0, 0.0, 0.0]
        - [0.0, 0.0, 1.0, 0.0]
    - - - [0.994830012, 0.0626640022, -0.0749460012, -1.37842]
        - [0.0761990026, -0.977667987, 0.194264993, 1.74031603]
        - [-0.0610890016, -0.199076995, -0.977774024, -0.176535994]
      - - [1.0, 0.0, 0.0, 0.0]
        - [0.0, 1.0, 0.0, 0.0]
        - [0.0, 0.0, 1.0, 0.0]
    - - - [0.985035002, 0.0544739999, -0.161247998, -1.39843798]
        - [0.0842370018, -0.979101002, 0.183754995, 1.72467399]
        - [-0.147857994, -0.194676995, -0.969356, -0.0708179995]
      - - [1.0, 0.0, 0.0, 0.0]
        - [0.0, 1.0, 0.0, 0.0]
        - [0.0, 0.0, 1.0, 0.0]
    - - - [0.969619989, 0.048413001, -0.238438994, -1.40879297]
        - [0.0917230025, -0.980114996, 0.173849002, 1.70959902]
        - [-0.225326002, -0.190539002, -0.955202997, 0.0298459996]
      - - [1.0, 0.0, 0.0, 0.0]
        - [0.0, 1.0, 0.0, 0.0]
        - [0.0, 0.0, 1.0, 0.0]
    - - - [0.949936986, 0.0438879989, -0.308310002, -1.41135395]
        - [0.0988389999, -0.981095016, 0.164784998, 1.695081]
        - [-0.295291007, -0.187077999, -0.936644018, 0.125939995]
      - - [1.0, 0.0, 0.0, 0.0]
        - [0.0, 1.0, 0.0, 0.0]
        - [0.0, 0.0, 1.0, 0.0]
    - - - [0.925206006, 0.0399900004, -0.376531005, -1.40735602]
        - [0.10571, -0.981894016, 0.155502006, 1.68034804]
        - [-0.363602012, -0.183754995, -0.913052976, 0.222784996]
      - - [1.0, 0.0, 0.0, 0.0]
        - [0.0, 1.0, 0.0, 0.0]
        - [0.0, 0.0, 1.0, 0.0]
    - - - [0.89546603, 0.036497999, -0.442880005, -1.39657605]
        - [0.112213001, -0.98259902, 0.145892993, 1.66552603]
        - [-0.429977, -0.180421993, -0.88429302, 0.319902003]
      - - [1.0, 0.0, 0.0, 0.0]
        - [0.0, 1.0, 0.0, 0.0]
        - [0.0, 0.0, 1.0, 0.0]
    - - - [0.860818028, 0.0333210006, -0.507160008, -1.37887001]
        - [0.118155003, -0.983412027, 0.135924995, 1.65088403]
        - [-0.494340986, -0.177004993, -0.850686014, 0.416866004]
      - - [1.0, 0.0, 0.0, 0.0]
        - [0.0, 1.0, 0.0, 0.0]
        - [0.0, 0.0, 1.0, 0.0]
    - - - [0.821319997, 0.0303479992, -0.569157004, -1.35409498]
        - [0.123340003, -0.984097004, 0.125492007, 1.636572]
        - [-0.556482017, -0.173355997, -0.812245011, 0.513240993]
      - - [1.0, 0.0, 0.0, 0.0]
        - [0.0, 1.0, 0.0, 0.0]
        - [0.0, 0.0, 1.0, 0.0]
    - - - [0.776843011, 0.0275369994, -0.628530979, -1.321962]
        - [0.127593994, -0.984942019, 0.114587002, 1.62288296]
        - [-0.616042018, -0.169295996, -0.768814027, 0.60847801]
      - - [1.0, 0.0, 0.0, 0.0]
        - [0.0, 1.0, 0.0, 0.0]
        - [0.0, 0.0, 1.0, 0.0]
    - - - [0.727558017, 0.0248390008, -0.685139, -1.28248703]
        - [0.130750999, -0.985787988, 0.103155002, 1.60981405]
        - [-0.672991991, -0.164738998, -0.720748007, 0.702189982]
      - - [1.0, 0.0, 0.0, 0.0]
        - [0.0, 1.0, 0.0, 0.0]
        - [0.0, 0.0, 1.0, 0.0]
    - - - [0.673408985, 0.0222859997, -0.738434017, -1.23544097]
        - [0.132655993, -0.986688972, 0.091188997, 1.59766603]
        - [-0.72676301, -0.159448996, -0.667524993, 0.793766022]
      - - [1.0, 0.0, 0.0, 0.0]
        - [0.0, 1.0, 0.0, 0.0]
        - [0.0, 0.0, 1.0, 0.0]
    - - - [0.614399016, 0.0199529994, -0.788303971, -1.18084395]
        - [0.133127004, -0.987725019, 0.078734003, 1.58657801]
        - [-0.777261972, -0.153394997, -0.609641016, 0.882794023]
      - - [1.0, 0.0, 0.0, 0.0]
        - [0.0, 1.0, 0.0, 0.0]
        - [0.0, 0.0, 1.0, 0.0]
    - - - [0.550481021, 0.0180580001, -0.834236979, -1.11860204]
        - [0.131883994, -0.988816023, 0.0655990019, 1.57679498]
        - [-0.823934972, -0.146207005, -0.546854973, 0.968698978]
      - - [1.0, 0.0, 0.0, 0.0]
        - [0.0, 1.0, 0.0, 0.0]
        - [0.0, 0.0, 1.0, 0.0]
    - - - [0.486550987, 0.0168949999, -0.873166978, -1.04916]
        - [0.128399, -0.990134001, 0.0523860008, 1.56841898]
        - [-0.863843977, -0.137654006, -0.484039992, 1.05065298]
      - - [1.0, 0.0, 0.0, 0.0]
        - [0.0, 1.0, 0.0, 0.0]
        - [0.0, 0.0, 1.0, 0.0]
    - - - [0.426153004, 0.0170830004, -0.904137015, -0.973047018]
        - [0.122560002, -0.991420984, 0.039007999, 1.56133795]
        - [-0.895958006, -0.127473995, -0.424715012, 1.12785995]
      - - [1.0, 0.0, 0.0, 0.0]
        - [0.0, 1.0, 0.0, 0.0]
        - [0.0, 0.0, 1.0, 0.0]
    - - - [0.367134005, 0.0187560003, -0.929594994, -0.890554011]
        - [0.115264997, -0.992757976, 0.0254619997, 1.55544496]
        - [-0.922600985, -0.116539001, -0.366701007, 1.19987702]
      - - [1.0, 0.0, 0.0, 0.0]
        - [0.0, 1.0, 0.0, 0.0]
        - [0.0, 0.0, 1.0, 0.0]
    - - - [0.306786001, 0.0218139999, -0.951063991, -0.80182898]
        - [0.107220002, -0.993812025, 0.0117600001, 1.55045199]
        - [-0.945276976, -0.105636999, -0.307312995, 1.26623499]
      - - [1.0, 0.0, 0.0, 0.0]
        - [0.0, 1.0, 0.0, 0.0]
        - [0.0, 0.0, 1.0, 0.0]
    - - - [0.242218003, 0.0260070004, -0.969542027, -0.707360029]
        - [0.0989329964, -0.994862974, -0.00197200011, 1.54623902]
        - [-0.964830995, -0.0955120027, -0.243567005, 1.32660496]
      - - [1.0, 0.0, 0.0, 0.0]
        - [0.0, 1.0, 0.0, 0.0]
        - [0.0, 0.0, 1.0, 0.0]
    - - - [0.170102999, 0.0308650006, -0.984453976, -0.607132018]
        - [0.0906580016, -0.995411992, -0.015532, 1.542418]
        - [-0.980755985, -0.0867059976, -0.172215998, 1.380072]
      - - [1.0, 0.0, 0.0, 0.0]
        - [0.0, 1.0, 0.0, 0.0]
        - [0.0, 0.0, 1.0, 0.0]
    - - - [0.0874639973, 0.0358299986, -0.995114982, -0.501928985]
        - [0.0825449973, -0.995877981, -0.0286209993, 1.53880799]
        - [-0.992376029, -0.0796919987, -0.0900460035, 1.42664194]
      - - [1.0, 0.0, 0.0, 0.0]
        - [0.0, 1.0, 0.0, 0.0]
        - [0.0, 0.0, 1.0, 0.0]
    - - - [-0.00893600006, 0.0402400009, -0.998674989, -0.391896009]
        - [0.0744460002, -0.995972991, -0.0408269987, 1.53519595]
        - [-0.996712029, -0.074752003, 0.0059150001, 1.46547496]
      - - [1.0, 0.0, 0.0, 0.0]
        - [0.0, 1.0, 0.0, 0.0]
        - [0.0, 0.0, 1.0, 0.0]
    - - - [-0.121518001, 0.0433689989, -0.99120301, -0.277664006]
        - [0.066271998, -0.996172011, -0.0517349988, 1.53142703]
        - [-0.989971995, -0.0719930008, 0.118231997, 1.49629498]
      - - [1.0, 0.0, 0.0, 0.0]
        - [0.0, 1.0, 0.0, 0.0]
        - [0.0, 0.0, 1.0, 0.0]
    - - - [-0.251289994, 0.0442010015, -0.966627002, -0.160218999]
        - [0.0581940003, -0.996077001, -0.0606929995, 1.52694297]
        - [-0.96587199, -0.0715050027, 0.247815996, 1.518839]
      - - [1.0, 0.0, 0.0, 0.0]
        - [0.0, 1.0, 0.0, 0.0]
        - [0.0, 0.0, 1.0, 0.0]
    - - - [-0.406208009, 0.0423589982, -0.912368, -0.0328809991]
        - [0.0487909988, -0.996178985, -0.0679870024, 1.52229595]
        - [-0.912105978, -0.0721810013, 0.402711987, 1.53250897]
      - - [1.0, 0.0, 0.0, 0.0]
        - [0.0, 1.0, 0.0, 0.0]
        - [0.0, 0.0, 1.0, 0.0]
    - - - [-0.579015017, 0.0376430005, -0.813897014, 0.106647]
        - [0.0378919989, -0.996200979, -0.073063001, 1.51721001]
        - [-0.813879013, -0.0731849968, 0.575625002, 1.53559995]
      - - [1.0, 0.0, 0.0, 0.0]
        - [0.0, 1.0, 0.0, 0.0]
        - [0.0, 0.0, 1.0, 0.0]
    - - - [-0.745867014, 0.0306020007, -0.66465801, 0.253259003]
        - [0.0263860002, -0.996430993, -0.075538002, 1.51173198]
        - [-0.664864004, -0.0739250034, 0.742685974, 1.52582204]
      - - [1.0, 0.0, 0.0, 0.0]
        - [0.0, 1.0, 0.0, 0.0]
        - [0.0, 0.0, 1.0, 0.0]
    - - - [-0.882651985, 0.0219010003, -0.468663007, 0.401412994]
        - [0.0153339999, -0.99665302, -0.0755129978, 1.50585306]
        - [-0.468923002, -0.073882997, 0.879670978, 1.50226605]
      - - [1.0, 0.0, 0.0, 0.0]
        - [0.0, 1.0, 0.0, 0.0]
        - [0.0, 0.0, 1.0, 0.0]
    - - - [-0.970098019, 0.0122640003, -0.240502998, 0.54549998]
        - [0.00561500015, -0.996967018, -0.0735640004, 1.49966502]
        - [-0.240743995, -0.0727849975, 0.967348993, 1.46558797]
      - - [1.0, 0.0, 0.0, 0.0]
        - [0.0, 1.0, 0.0, 0.0]
        - [0.0, 0.0, 1.0, 0.0]
    - - - [-0.99962002, 0.00245100004, -0.00241399999, 0.680435002]
        - [-0.0022760001, -0.997178972, -0.070596002, 1.49313498]
        - [-0.00259699998, -0.070547998, 0.997111022, 1.418522]
      - - [1.0, 0.0, 0.0, 0.0]
        - [0.0, 1.0, 0.0, 0.0]
        - [0.0, 0.0, 1.0, 0.0]
    - - - [-0.974632025, -0.00685400004, 0.221814007, 0.801644027]
        - [-0.00832999963, -0.997348011, -0.067362003, 1.48668003]
        - [0.221761003, -0.0674899966, 0.972337008, 1.36481297]
      - - [1.0, 0.0, 0.0, 0.0]
        - [0.0, 1.0, 0.0, 0.0]
        - [0.0, 0.0, 1.0, 0.0]
    - - - [-0.91020602, -0.0150370002, 0.412730008, 0.905521989]
        - [-0.012809, -0.997511983, -0.0645269975, 1.48050499]
        - [0.412770003, -0.0640219972, 0.908064008, 1.30948102]
      - - [1.0, 0.0, 0.0, 0.0]
        - [0.0, 1.0, 0.0, 0.0]
        - [0.0, 0.0, 1.0, 0.0]
    - - - [-0.828574002, -0.0216160007, 0.55892998, 0.989482999]
