_sword_blur:
  Attack:
    end: 23
    frame_num: 50
    mtx:
    - - - [-0.993727028, -0.00467499997, -0.106500998, 1.19357097]
        - [-0.00912300032, 0.998641014, 0.0406869985, 1.22215796]
        - [0.106209002, 0.041437, -0.992878973, -0.803029001]
      - - [0.149474993, 0.255044997, 0.954918027, 0.246790007]
        - [0.969008029, -0.228172004, -0.0907260031, 2.01523995]
        - [0.194829002, 0.939220011, -0.281340986, -0.466053993]
    - - - [-0.99734199, -0.0132409995, -0.0620599985, 1.213081]
        - [-0.0156549998, 0.99861002, 0.0381259993, 1.22569799]
        - [0.0614380017, 0.0389810018, -0.99673003, -0.698432982]
      - - [0.152759999, 0.242213994, 0.957714021, 0.243476003]
        - [0.97034502, -0.218321994, -0.099555999, 2.01512289]
        - [0.185036004, 0.944974005, -0.268469989, -0.413769007]
    - - - [-0.998977005, -0.0164030008, -0.0258409996, 1.22948897]
        - [-0.0174199995, 0.998775005, 0.0352540016, 1.22806203]
        - [0.0252110008, 0.0356170014, -0.998573005, -0.590632021]
      - - [0.155747995, 0.227666005, 0.960741997, 0.239774004]
        - [0.971970022, -0.206320003, -0.108636998, 2.01440096]
        - [0.173563004, 0.951204002, -0.253562003, -0.356539011]
    - - - [-0.999330997, -0.0150459995, 0.00485899998, 1.24237299]
        - [-0.0148489997, 0.998827994, 0.0322210006, 1.22928798]
        - [-0.00539400009, 0.0321299993, -0.998917997, -0.479097992]
      - - [0.158728004, 0.211797997, 0.963838995, 0.235528007]
        - [0.973568022, -0.192701995, -0.117994003, 2.01317906]
        - [0.160824999, 0.957625985, -0.236922994, -0.295397013]
    - - - [-0.99872601, -0.00989599992, 0.0329170004, 1.25202096]
        - [-0.00896599982, 0.998978019, 0.0294400007, 1.22949803]
        - [-0.0331609994, 0.0291300006, -0.998380005, -0.363586992]
      - - [0.161984995, 0.194912001, 0.966862023, 0.230724007]
        - [0.975211024, -0.177962005, -0.127542004, 2.01172495]
        - [0.147278994, 0.964067996, -0.219021007, -0.231290996]
    - - - [-0.997570992, -0.00216699997, 0.0611220002, 1.25825906]
        - [-0.000531999976, 0.999116004, 0.0273390003, 1.22884595]
        - [-0.0611659996, 0.0272250008, -0.997241974, -0.243484005]
      - - [0.165669993, 0.177386999, 0.969677985, 0.225316003]
        - [0.976731002, -0.162524998, -0.137096003, 2.01020789]
        - [0.133355007, 0.970260024, -0.200255007, -0.165224999]
    - - - [-0.995021999, 0.00706599979, 0.092588, 1.26028502]
        - [0.00940500014, 0.999098003, 0.0262519997, 1.22732401]
        - [-0.0923219994, 0.0270550009, -0.994682014, -0.118407004]
      - - [0.169611007, 0.159593001, 0.97200501, 0.219134003]
        - [0.97774601, -0.146818995, -0.146446005, 2.0086441]
        - [0.119423002, 0.975705028, -0.181007996, -0.0983219966]
    - - - [-0.990660012, 0.0164330006, 0.130398005, 1.257779]
        - [0.0199900009, 0.998845994, 0.0266299993, 1.22512698]
        - [-0.129906997, 0.0290339999, -0.990409017, 0.0127029996]
      - - [0.173678994, 0.142006993, 0.974240005, 0.212270007]
        - [0.978730023, -0.131346002, -0.155298993, 2.00744605]
        - [0.105968997, 0.980785012, -0.161852002, -0.0314319991]
    - - - [-0.983160973, 0.0246169996, 0.177908003, 1.25000095]
        - [0.0301430002, 0.998700023, 0.0286679994, 1.22219801]
        - [-0.177062005, 0.0335579999, -0.983084977, 0.150503993]
      - - [0.177386001, 0.124985002, 0.975835979, 0.204567999]
        - [0.979373991, -0.116504997, -0.163148999, 2.00667906]
        - [0.0933099985, 0.984933019, -0.143142998, 0.0343739986]
    - - - [-0.97012198, 0.0299839992, 0.238199994, 1.235273]
        - [0.0387590006, 0.998171985, 0.032354001, 1.21912599]
        - [-0.236944005, 0.0407180004, -0.970008016, 0.296066999]
      - - [0.180344999, 0.109016001, 0.977084994, 0.196098998]
        - [0.979718029, -0.102608003, -0.169340998, 2.00657892]
        - [0.0819189996, 0.988243997, -0.125347003, 0.0981149971]
    - - - [-0.948197007, 0.0305100009, 0.31416899, 1.212062]
        - [0.0445230007, 0.997753978, 0.0377920009, 1.21627402]
        - [-0.312492996, 0.0499089994, -0.947933972, 0.450475991]
      - - [0.181824997, 0.0944409966, 0.978305995, 0.186823994]
        - [0.980214, -0.0902469978, -0.173399001, 2.00740504]
        - [0.0720089972, 0.990989029, -0.108979002, 0.158848003]
    - - - [-0.91436702, 0.0206620004, 0.402815998, 1.17962801]
        - [0.043699, 0.997322977, 0.0482840016, 1.21602595]
        - [-0.400938988, 0.0618700013, -0.913336992, 0.61302501]
      - - [0.181823, 0.0810939968, 0.979626, 0.177576005]
        - [0.980884016, -0.0781840011, -0.175595, 2.0091579]
        - [0.0623620003, 0.993277013, -0.0938230008, 0.216940999]
    - - - [-0.866581976, -0.00227700011, 0.497799993, 1.13708794]
        - [0.0348539986, 0.996765018, 0.0652810037, 1.21970296]
        - [-0.496600986, 0.0739519969, -0.864194989, 0.782384992]
      - - [0.180887997, 0.0686210021, 0.980642974, 0.168786004]
        - [0.981711984, -0.0652490035, -0.176482007, 2.01148891]
        - [0.0519019999, 0.995078027, -0.0792120025, 0.273640007]
    - - - [-0.80173099, -0.0349729992, 0.595532, 1.08059394]
        - [0.0199299995, 0.995649993, 0.0854369998, 1.22688103]
        - [-0.596279025, 0.0804999992, -0.797957003, 0.957992971]
      - - [0.179001004, 0.0570540018, 0.981836021, 0.160053]
        - [0.982658982, -0.0519950017, -0.176122993, 2.01420403]
        - [0.041060999, 0.996653974, -0.0653690025, 0.329299003]
    - - - [-0.717462003, -0.0728560016, 0.691748023, 1.00641203]
        - [0.00101500005, 0.993842006, 0.105847001, 1.23720205]
        - [-0.69570601, 0.0767839998, -0.713379979, 1.13808203]
      - - [0.176180005, 0.0463620014, 0.982834995, 0.150913]
        - [0.983431995, -0.0389200002, -0.174428999, 2.01736498]
        - [0.0302799996, 0.997744977, -0.0524340011, 0.384245008]
    - - - [-0.612815976, -0.110087998, 0.781956017, 0.911541998]
        - [-0.0200939998, 0.991647005, 0.123829, 1.25027502]
        - [-0.789454997, 0.0601480007, -0.610210001, 1.31965601]
      - - [0.172484994, 0.0365170017, 0.983905971, 0.140930995]
        - [0.98439002, -0.0266600009, -0.171599999, 2.02091289]
        - [0.0199369993, 0.998592973, -0.0405149981, 0.438744992]
    - - - [-0.488130003, -0.139911994, 0.860871971, 0.792984009]
        - [-0.0420279987, 0.989292026, 0.136976004, 1.26623702]
        - [-0.871146977, 0.0307860002, -0.489006013, 1.49817801]
      - - [0.168109998, 0.0274400003, 0.984984994, 0.129656002]
        - [0.985311985, -0.0154729998, -0.167659, 2.02484298]
        - [0.0106969997, 0.999083996, -0.0297190007, 0.493050009]
    - - - [-0.346399993, -0.156127006, 0.924318016, 0.649583995]
        - [-0.0629360005, 0.987185001, 0.143215001, 1.28440905]
        - [-0.935374022, -0.00845700037, -0.351956993, 1.66863203]
      - - [0.163022995, 0.0191869996, 0.986016989, 0.116556004]
        - [0.986120999, -0.00601899996, -0.162939996, 2.028862]
        - [0.0028309999, 0.999397993, -0.019901, 0.547277987]
    - - - [-0.191810995, -0.153800994, 0.968667984, 0.481341004]
        - [-0.0810979977, 0.986200988, 0.140542999, 1.30416]
        - [-0.977505028, -0.0515380017, -0.201791003, 1.82532704]
      - - [0.157554001, 0.0115529997, 0.987092972, 0.101195]
        - [0.98714, 0.00140800001, -0.157567993, 2.0331471]
        - [-0.00317699998, 0.99960798, -0.0111800004, 0.601577997]
    - - - [-0.0293899998, -0.130202994, 0.990343988, 0.289382994]
        - [-0.0946009979, 0.986772001, 0.126990005, 1.32478404]
        - [-0.994422019, -0.0899240002, -0.0414160006, 1.96223295]
      - - [0.151773006, 0.00453400007, 0.988005996, 0.0830599964]
        - [0.987954974, 0.00646799989, -0.151767001, 2.03761697]
        - [-0.00699600019, 0.999588013, -0.00346500007, 0.655948997]
    - - - [0.136049002, -0.0860819966, 0.986311972, 0.0762550011]
        - [-0.101209, 0.989287019, 0.100323997, 1.34441996]
        - [-0.984907985, -0.113404997, 0.125926003, 2.07408905]
      - - [0.145806, -0.00193499995, 0.988828003, 0.0615970008]
        - [0.988811016, 0.00885900017, -0.14576, 2.04212809]
        - [-0.00843199994, 0.999508977, 0.00319000008, 0.710322022]
    - - - [0.310203999, -0.0226419996, 0.949774027, -0.166017994]
        - [-0.100422002, 0.992883027, 0.0564730018, 1.36482596]
        - [-0.944764018, -0.112908997, 0.305824995, 2.15841103]
      - - [0.138356999, -0.00764199998, 0.990025997, 0.0356109999]
        - [0.990033984, 0.00866100006, -0.138290003, 2.0473299]
        - [-0.00754000014, 0.99959898, 0.00875000004, 0.766249001]
    - - - [0.49406001, 0.0493750013, 0.867406011, -0.43928501]
        - [-0.096378997, 0.994816005, -0.00165500003, 1.39001703]
        - [-0.863505006, -0.0827500001, 0.496464998, 2.20710206]
      - - [0.128822997, -0.0120609999, 0.991118014, 0.004954]
        - [0.991232991, 0.00674899993, -0.128686994, 2.05318499]
        - [-0.00502000004, 0.99949801, 0.0127999997, 0.823936999]
    - - - [0.672976971, 0.111262001, 0.730553985, -0.72953397]
        - [-0.0927489996, 0.993088007, -0.0657209978, 1.42123795]
        - [-0.733162999, -0.023426, 0.678848028, 2.20915794]
      - - [0.118542001, -0.0147169996, 0.992465019, -0.0290009994]
        - [0.992645025, 0.00360599998, -0.118492998, 2.05964589]
        - [-0.00175199995, 0.999615014, 0.015079, 0.881527007]
    - - - [0.828085005, 0.146908, 0.540201008, -1.01979101]
        - [-0.0918179974, 0.987132013, -0.127611995, 1.45890105]
        - [-0.552367985, 0.056166999, 0.831161976, 2.15817904]
      - - [0.108746, -0.0154769998, 0.993597984, -0.0649579987]
        - [0.993682981, -0.000310000003, -0.108727001, 2.06625891]
        - [0.00202700007, 0.99951297, 0.0153419999, 0.937241971]
    - - - [0.939103007, 0.147395998, 0.308286011, -1.29230499]
        - [-0.0943159983, 0.978528976, -0.180435002, 1.50231695]
        - [-0.328473002, 0.140593007, 0.933297992, 2.05461693]
      - - [0.100249, -0.0143139996, 0.994368017, -0.101644002]
        - [0.994494021, -0.00490000006, -0.100319996, 2.07285309]
        - [0.00635500019, 0.999496996, 0.0137759997, 0.989781022]
    - - - [0.99129802, 0.114156999, 0.0557929985, -1.532058]
        - [-0.0993060023, 0.969906986, -0.219664007, 1.54971802]
        - [-0.0792770013, 0.212367997, 0.973273993, 1.90580499]
      - - [0.0935890004, -0.0116349999, 0.99515003, -0.137890995]
        - [0.995230019, -0.0103150001, -0.0937030017, 2.079211]
        - [0.0113679999, 0.999558985, 0.0106450003, 1.03802598]
    - - - [0.979008019, 0.0580869988, -0.192586005, -1.72799802]
        - [-0.105005004, 0.963775992, -0.243163005, 1.59891999]
        - [0.171519995, 0.258412987, 0.95005399, 1.72433305]
      - - [0.0887669995, -0.00796100032, 0.995567024, -0.172757998]
        - [0.995523989, -0.0166459996, -0.0888819993, 2.08507109]
        - [0.0172949992, 0.999462008, 0.00646799989, 1.08110201]
    - - - [0.909398973, -0.00451799994, -0.414440989, -1.875826]
        - [-0.109626003, 0.961203992, -0.251062989, 1.64754498]
        - [0.399632007, 0.273965001, 0.874040008, 1.52592802]
      - - [0.0855209976, -0.00394400023, 0.995895028, -0.205464005]
        - [0.995630026, -0.0238530003, -0.0855799988, 2.09019589]
        - [0.0241769999, 0.99929899, 0.00188500003, 1.11836803]
    - - - [0.800949991, -0.0577839985, -0.594801009, -1.97820401]
        - [-0.112600997, 0.962406993, -0.245125994, 1.69356704]
        - [0.586879015, 0.263570994, 0.764651, 1.32674301]
      - - [0.0833659992, -0.000251999998, 0.996055007, -0.235446006]
        - [0.995675981, -0.0317430012, -0.0833399966, 2.09458303]
        - [0.031702999, 0.999139011, -0.00241299998, 1.14929998]
    - - - [0.678287983, -0.0908029974, -0.728495002, -2.04302001]
        - [-0.114993997, 0.966419995, -0.227546006, 1.73517394]
        - [0.725018024, 0.238285005, 0.645308971, 1.14127898]
      - - [0.0818409994, 0.00252399989, 0.996241987, -0.262239009]
        - [0.995431006, -0.039698001, -0.0816759989, 2.09785604]
        - [0.0394439995, 0.998879015, -0.00576299988, 1.173365]
    - - - [0.556321025, -0.103152998, -0.823957026, -2.08237791]
        - [-0.118280999, 0.97202301, -0.201553002, 1.77148604]
        - [0.821898997, 0.209758997, 0.528712988, 0.969856977]
      - - [0.0801699981, 0.00454000011, 0.996345997, -0.28707701]
        - [0.995281994, -0.0476379991, -0.0798460022, 2.1001699]
        - [0.0471509993, 0.998449028, -0.00835799985, 1.19013202]
    - - - [0.438024998, -0.100612998, -0.892570019, -2.10404801]
        - [-0.122956999, 0.977043986, -0.170451999, 1.80305398]
        - [0.88972801, 0.184639007, 0.415717006, 0.805607021]
      - - [0.0776790008, 0.00637499988, 0.996550977, -0.311441988]
        - [0.995092988, -0.055608999, -0.0771809965, 2.10152602]
        - [0.0549160019, 0.99811399, -0.0106920004, 1.20022798]
    - - - [0.327874005, -0.0869729966, -0.940108001, -2.11258888]
        - [-0.129538998, 0.981773019, -0.135987997, 1.83124304]
        - [0.935140014, 0.166600004, 0.310730994, 0.649766982]
      - - [0.0743440017, 0.00802700035, 0.996860981, -0.335357994]
        - [0.994897008, -0.06329, -0.0737029985, 2.10234499]
        - [0.0626310036, 0.997577012, -0.0126799997, 1.20476699]
    - - - [0.227922007, -0.0659610033, -0.970770001, -2.10994101]
        - [-0.137905002, 0.984852016, -0.0992840007, 1.85698605]
        - [0.963127971, 0.156715006, 0.215407997, 0.502856016]
      - - [0.0702869967, 0.00942100026, 0.997008979, -0.35869801]
        - [0.994571984, -0.0707279965, -0.0694599971, 2.10243201]
        - [0.0700199977, 0.996918976, -0.0143200001, 1.204669]
    - - - [0.138583004, -0.040984001, -0.988852978, -2.09880209]
        - [-0.147662997, 0.986539006, -0.0615850016, 1.88130796]
        - [0.978614986, 0.154726997, 0.130673006, 0.365467995]
      - - [0.0656609982, 0.0105459997, 0.997394025, -0.381399989]
        - [0.994435012, -0.0778779984, -0.0646530017, 2.10224104]
        - [0.0770940036, 0.996522009, -0.01559, 1.20114195]
    - - - [0.0591979995, -0.0148179997, -0.997649014, -2.08058691]
        - [-0.158031002, 0.98676002, -0.0240240004, 1.90477002]
        - [0.98507899, 0.159254, 0.0561119989, 0.238022]
      - - [0.060614001, 0.0113960002, 0.997777998, -0.403331995]
        - [0.994278014, -0.0846650004, -0.0594349988, 2.10189009]
        - [0.0838660002, 0.995959997, -0.0164390001, 1.19516206]
    - - - [-0.0114470003, 0.0103979995, -0.999230027, -2.05584693]
        - [-0.167997003, 0.985146999, 0.012205, 1.92749298]
        - [0.985072017, 0.168222994, -0.009571, 0.120718002]
      - - [0.0552730002, 0.0118960002, 0.997892976, -0.424279988]
        - [0.993891001, -0.0910520032, -0.0539680012, 2.10132599]
        - [0.0903370008, 0.995289981, -0.0168970004, 1.18772101]
    - - - [-0.0751250014, 0.0330139995, -0.996075988, -2.02632189]
        - [-0.176515996, 0.982755005, 0.0458809994, 1.949862]
        - [0.980867982, 0.179413006, -0.0680859983, 0.0133800004]
      - - [0.0498370007, 0.0120820003, 0.998359978, -0.444189012]
        - [0.993682027, -0.0971579999, -0.0483950004, 2.10106301]
        - [0.0964170024, 0.994907975, -0.0168570001, 1.17998898]
    - - - [-0.133704007, 0.0517220013, -0.98902601, -1.99151695]
        - [-0.182093993, 0.979780972, 0.0758920014, 1.97165704]
        - [0.973421991, 0.190491006, -0.121638998, -0.0836889967]
      - - [0.0443169996, 0.0118169999, 0.998510003, -0.462868989]
        - [0.993342996, -0.102737002, -0.042874001, 2.10115194]
        - [0.102182999, 0.994201005, -0.0163729992, 1.17285502]
    - - - [-0.189087003, 0.0657910034, -0.979176998, -1.95214796]
        - [-0.183337003, 0.977330029, 0.101121001, 1.99277401]
        - [0.964067996, 0.198816001, -0.172885999, -0.171285003]
      - - [0.0388819985, 0.0111560002, 0.998812973, -0.480199009]
        - [0.993053019, -0.107946001, -0.0374159999, 2.10182405]
        - [0.107405998, 0.993748009, -0.0153360004, 1.16742003]
    - - - [-0.237180993, 0.0754600018, -0.967845976, -1.91092896]
        - [-0.181547999, 0.975356996, 0.120604999, 2.01112294]
        - [0.953635991, 0.204618007, -0.217792004, -0.247466996]
      - - [0.0336299986, 0.0100530004, 0.99900198, -0.496069998]
        - [0.992601991, -0.113210998, -0.0322780013, 2.10269094]
        - [0.112891003, 0.993139982, -0.0138400001, 1.16347897]
    - - - [-0.273983002, 0.0822940022, -0.957594991, -1.87278998]
        - [-0.179177001, 0.973906994, 0.134968996, 2.02533698]
        - [0.944251001, 0.208739996, -0.252301008, -0.312537998]
      - - [0.028779, 0.00868900027, 0.999132991, -0.510526001]
        - [0.991994977, -0.119305, -0.0274989996, 2.10320592]
        - [0.119004004, 0.992394984, -0.0120700002, 1.16004801]
    - - - [-0.301546007, 0.0870440006, -0.948913991, -1.83788705]
        - [-0.176190004, 0.973058999, 0.145316005, 2.03597212]
        - [0.936505973, 0.211177006, -0.278268009, -0.36786899]
      - - [0.0242589992, 0.00710099982, 0.999273002, -0.523727]
        - [0.991384029, -0.125992, -0.0231550001, 2.10353994]
        - [0.125746995, 0.991666973, -0.0101500005, 1.15719402]
    - - - [-0.321713001, 0.0905769989, -0.941972017, -1.806422]
        - [-0.17272, 0.972598016, 0.152550995, 2.04337311]
        - [0.930312991, 0.211943999, -0.297486007, -0.414736003]
      - - [0.020126, 0.00542799989, 0.999486983, -0.53569299]
        - [0.99052, -0.133116007, -0.0191569999, 2.10353398]
        - [0.132919997, 0.990722001, -0.00805700012, 1.15467596]
    - - - [-0.336369008, 0.093378, -0.936477005, -1.77808404]
        - [-0.168803006, 0.972388983, 0.157707006, 2.04841208]
        - [0.925800025, 0.211388007, -0.31149599, -0.454571992]
      - - [0.0162240006, 0.00363199995, 0.999450982, -0.54658401]
        - [0.989610016, -0.140479997, -0.0155539997, 2.10339093]
        - [0.140447006, 0.989663005, -0.00594099984, 1.152614]
    - - - [-0.347173005, 0.0960649997, -0.93225199, -1.75285399]
        - [-0.164642006, 0.972523987, 0.161620006, 2.05164289]
        - [0.922608018, 0.209878996, -0.321922988, -0.488586992]
      - - [0.0125869997, 0.00182200002, 0.99958998, -0.556475997]
        - [0.988565981, -0.148039997, -0.0121769998, 2.1030159]
        - [0.148071006, 0.988654971, -0.00374500011, 1.15082502]
    - - - [-0.355603993, 0.0989900008, -0.928775012, -1.73039198]
        - [-0.160318002, 0.972640991, 0.165078998, 2.05388689]
        - [0.920159996, 0.207829997, -0.330235004, -0.517673016]
      - - [0.00909100007, 3.30000003e-05, 0.999561012, -0.565476]
        - [0.987365007, -0.155589998, -0.00893499982, 2.10248303]
        - [0.155610994, 0.987387002, -0.00146399997, 1.14920795]
    - - - [-0.36324501, 0.102341004, -0.925373018, -1.71009898]
        - [-0.155849993, 0.972639978, 0.168818995, 2.05598998]
        - [0.917922974, 0.205778003, -0.337599009, -0.542650998]
      - - [0.00553299999, -0.00179699995, 0.999545991, -0.573759019]
        - [0.986200988, -0.162945002, -0.00575600006, 2.10194302]
        - [0.162993997, 0.986214995, 0.000830999983, 1.14777696]
    - - - [-0.371508986, 0.106458999, -0.921706021, -1.69176304]
        - [-0.151428998, 0.972593009, 0.173446, 2.05870008]
        - [0.915410995, 0.204216003, -0.345384002, -0.564329028]
      - - [0.00183199998, -0.00362799992, 0.999616027, -0.581432998]
        - [0.985033989, -0.169975996, -0.00240999996, 2.10132909]
        - [0.169991001, 0.985080004, 0.00322899991, 1.14637804]
    start: 18
  Attack_Ground_Counterattack:
    end: 17
    frame_num: 70
    mtx:
    - - - [0.984049976, 0.149749994, 0.0910430029, -1.752545]
        - [0.153341994, -0.987164974, -0.0337379985, 1.469329]
        - [0.0848189965, 0.0471380018, -0.994714975, -0.235358998]
      - - [-0.0662579983, 0.0108000003, 0.997514009, 0.0222340003]
        - [0.99169898, -0.106648996, 0.0670590028, 2.11710501]
        - [0.107193001, 0.993860006, -0.00365999993, 0.488070011]
    - - - [0.989682019, 0.139128, 0.00598999998, -1.79255998]
        - [0.139287993, -0.989244998, -0.0290690009, 1.46013904]
        - [0.00187899999, 0.029623, -0.998852015, -0.0336959995]
      - - [-0.0668720007, 0.0126350001, 0.997235, 0.0428319983]
        - [0.991626978, -0.105773002, 0.0678429976, 2.1060369]
        - [0.106409997, 0.99385798, -0.00543700019, 0.515743017]
    - - - [0.98704499, 0.128396004, -0.0897589996, -1.81953299]
        - [0.127809003, -0.991208971, -0.0123950001, 1.45130897]
        - [-0.0906660035, 0.000705000013, -0.995266974, 0.197167993]
      - - [-0.0668219998, 0.0138320001, 0.997263014, 0.0637999997]
        - [0.991626978, -0.106012002, 0.0679079965, 2.09421301]
        - [0.106730998, 0.993882, -0.00663099997, 0.543886006]
    - - - [0.973716021, 0.114165999, -0.193936005, -1.82311797]
        - [0.118954003, -0.992251992, 0.01303, 1.43980598]
        - [-0.191054001, -0.035836, -0.98030901, 0.451723993]
      - - [-0.066362001, 0.0147139998, 0.997202992, 0.0850730017]
        - [0.991461992, -0.106985003, 0.0675759986, 2.0815959]
        - [0.107790001, 0.993726015, -0.00748099992, 0.57188201]
    - - - [0.947668016, 0.0941030011, -0.303422004, -1.79551804]
        - [0.112568997, -0.992265999, 0.0438480005, 1.42348599]
        - [-0.297104001, -0.0757659972, -0.951171994, 0.721966982]
      - - [-0.0657510012, 0.0156319998, 0.997363985, 0.106619999]
        - [0.991514027, -0.108461, 0.0670790002, 2.06855893]
        - [0.109357998, 0.993598998, -0.00835900009, 0.599430978]
    - - - [0.906701028, 0.0671129972, -0.414669991, -1.73028803]
        - [0.108341999, -0.99052, 0.0765179992, 1.40118098]
        - [-0.405892015, -0.114450999, -0.90595901, 0.997280002]
      - - [-0.0650480017, 0.0170109998, 0.997282028, 0.128437996]
        - [0.991198003, -0.110215001, 0.0665500015, 2.05501199]
        - [0.111125, 0.993324995, -0.00968599971, 0.626010001]
    - - - [0.850311995, 0.034008, -0.524122, -1.62698901]
        - [0.105965003, -0.987914979, 0.107661001, 1.37292695]
        - [-0.51444602, -0.147207007, -0.844004989, 1.26662397]
      - - [-0.0643299967, 0.0193349998, 0.997367024, 0.150613993]
        - [0.991059005, -0.111993998, 0.0661050007, 2.04129004]
        - [0.113022, 0.993134022, -0.0119489999, 0.651306987]
    - - - [0.777356029, -0.00269700005, -0.627997994, -1.48661995]
        - [0.104831003, -0.984834015, 0.133907005, 1.34040201]
        - [-0.619233012, -0.170074001, -0.765712976, 1.51877999]
      - - [-0.0635690019, 0.0231170002, 0.997249007, 0.173222005]
        - [0.990931988, -0.113555998, 0.0657870024, 2.0275991]
        - [0.114827998, 0.992821991, -0.0156609993, 0.674898028]
    - - - [0.688508987, -0.039007999, -0.723335028, -1.31546295]
        - [0.104250997, -0.982357979, 0.152206004, 1.30599999]
        - [-0.716813028, -0.180436, -0.672619998, 1.74454403]
      - - [-0.0627460033, 0.0288549997, 0.997214019, 0.196437001]
        - [0.990769029, -0.114647001, 0.0656829998, 2.01382494]
        - [0.116366997, 0.992567003, -0.0213779993, 0.696331978]
    - - - [0.584874988, -0.0700540021, -0.807397008, -1.12142706]
        - [0.103396997, -0.981195986, 0.160058007, 1.27320004]
        - [-0.803788006, -0.177210003, -0.566891015, 1.937289]
      - - [-0.0619640015, 0.0370329991, 0.997035027, 0.220392004]
        - [0.990796983, -0.115176, 0.0658330023, 2.00033593]
        - [0.117291003, 0.992259979, -0.0295919999, 0.715206027]
    - - - [0.468508989, -0.0908619985, -0.878063023, -0.914484024]
        - [0.100904003, -0.982159972, 0.155405, 1.24598598]
        - [-0.877052009, -0.161509007, -0.45115599, 2.09331489]
      - - [-0.0612520017, 0.0480789989, 0.996510029, 0.245297]
        - [0.990782976, -0.114671998, 0.0664649978, 1.98717701]
        - [0.117565997, 0.991837978, -0.040631, 0.73111099]
    - - - [0.336203992, -0.0995440036, -0.935958982, -0.69452697]
        - [0.0947360024, -0.985270023, 0.138771996, 1.227386]
        - [-0.936420977, -0.135429993, -0.321956009, 2.21702409]
      - - [-0.0605290011, 0.0624260008, 0.995784998, 0.272009999]
        - [0.990809023, -0.113388002, 0.0673630014, 1.973544]
        - [0.117236003, 0.991159976, -0.0549639985, 0.744159997]
    - - - [0.185666993, -0.0963490009, -0.977078974, -0.457724005]
        - [0.0843869969, -0.989232004, 0.113508999, 1.21710598]
        - [-0.978235006, -0.103606001, -0.175551996, 2.30989099]
      - - [-0.0597259998, 0.0793650001, 0.994584024, 0.300911009]
        - [0.990876019, -0.111928999, 0.0684550032, 1.95879996]
        - [0.116852, 0.990050018, -0.0719740018, 0.754890978]
    - - - [0.0227540005, -0.0813369974, -0.995673001, -0.211197004]
        - [0.070739001, -0.993430018, 0.0827049986, 1.21323395]
        - [-0.99653703, -0.0723859966, -0.0167539995, 2.36872697]
      - - [-0.0592899993, 0.0975959972, 0.992968976, 0.331479996]
        - [0.990869999, -0.110757999, 0.0700590014, 1.94296098]
        - [0.116935998, 0.988548994, -0.090106003, 0.763433993]
    - - - [-0.145119995, -0.0566149987, -0.987092972, 0.037388999]
        - [0.0548349991, -0.996686995, 0.0490529984, 1.21379304]
        - [-0.987249017, -0.0470470004, 0.147964001, 2.39149189]
      - - [-0.0595480017, 0.115693003, 0.991158009, 0.363088995]
        - [0.990855992, -0.110380001, 0.072420001, 1.92604494]
        - [0.117863998, 0.986778021, -0.108084001, 0.769851983]
    - - - [-0.309897006, -0.0259300005, -0.949826002, 0.280110002]
        - [0.0378030017, -0.998631001, 0.0149109997, 1.21683502]
        - [-0.949410021, -0.0312430002, 0.310701996, 2.37896609]
      - - [-0.060571, 0.132578999, 0.988983989, 0.395051003]
        - [0.990620971, -0.111054003, 0.0755560026, 1.90816295]
        - [0.119897999, 0.984638989, -0.124636002, 0.77421701]
    - - - [-0.463707, 0.00614499999, -0.885228992, 0.509562016]
        - [0.0206310004, -0.999064982, -0.0177929997, 1.22093797]
        - [-0.885034978, -0.0265200008, 0.46350801, 2.33437109]
      - - [-0.0622159988, 0.147433996, 0.986598015, 0.426716]
        - [0.989947021, -0.112852, 0.0793050006, 1.88958895]
        - [0.123136997, 0.982141972, -0.138956994, 0.776687026]
    - - - [-0.600337982, 0.0352380015, -0.798165023, 0.720239997]
        - [0.00435299985, -0.998347998, -0.0474100001, 1.22461402]
        - [-0.798961997, -0.0320339985, 0.599566996, 2.26370311]
      - - [-0.0642269999, 0.159907997, 0.984551013, 0.457506001]
        - [0.989253998, -0.115823001, 0.0833759978, 1.87075901]
        - [0.127480999, 0.97982198, -0.150815994, 0.777547002]
    - - - [-0.715568006, 0.0578659996, -0.695424974, 0.908725023]
        - [-0.0101389997, -0.996855021, -0.0725750029, 1.226933]
        - [-0.697780013, -0.0449919999, 0.714259982, 2.17412305]
      - - [-0.0661970004, 0.170108005, 0.982747018, 0.486808985]
        - [0.988489985, -0.119732, 0.0873619989, 1.85217202]
        - [0.132671997, 0.97765398, -0.160326004, 0.777040005]
    - - - [-0.807222009, 0.0718780011, -0.584821999, 1.07337999]
        - [-0.0220570005, -0.994970024, -0.0919160023, 1.227494]
        - [-0.588817, -0.0613070019, 0.805311024, 2.07282805]
      - - [-0.0677319989, 0.178655997, 0.981185019, 0.514110029]
        - [0.987658978, -0.124300003, 0.0908330008, 1.83439004]
        - [0.138285995, 0.975651979, -0.168034002, 0.775466979]
    - - - [-0.875937998, 0.0765990019, -0.474905014, 1.21518099]
        - [-0.0306429993, -0.993502975, -0.103797004, 1.22619498]
        - [-0.480044007, -0.0763960034, 0.873220026, 1.96768796]
      - - [-0.0684079975, 0.186228007, 0.979663014, 0.53895998]
        - [0.986760974, -0.129040003, 0.0934500024, 1.81808805]
        - [0.143869996, 0.973569989, -0.175044999, 0.773195028]
    - - - [-0.92583102, 0.0719219968, -0.369215012, 1.337924]
        - [-0.0348890014, -0.993283987, -0.105957001, 1.22459698]
        - [-0.374574989, -0.0852639973, 0.922685027, 1.86247504]
      - - [-0.0682319999, 0.194602996, 0.978030026, 0.562088013]
        - [0.986051023, -0.133378997, 0.0953190029, 1.80338895]
        - [0.149104998, 0.971337974, -0.182800993, 0.769692004]
    - - - [-0.961081028, 0.060176, -0.267228007, 1.44542503]
        - [-0.0348509997, -0.994000971, -0.0985149965, 1.22414398]
        - [-0.271762997, -0.0854260027, 0.958011985, 1.75712204]
      - - [-0.0674140006, 0.204248995, 0.976242006, 0.584423006]
        - [0.985387981, -0.137213007, 0.0968170017, 1.78974795]
        - [0.153803006, 0.968973994, -0.192027003, 0.764451981]
    - - - [-0.983865976, 0.0448299982, -0.170213997, 1.53917098]
        - [-0.030948, -0.995549977, -0.083506003, 1.22420597]
        - [-0.173331007, -0.0770149976, 0.981332004, 1.65299904]
      - - [-0.0660969988, 0.214783996, 0.974020004, 0.605804026]
        - [0.984843016, -0.140586004, 0.0978770033, 1.77703702]
        - [0.158123001, 0.966099024, -0.202242002, 0.75782001]
    - - - [-0.995881021, 0.0286999997, -0.078805998, 1.61997902]
        - [-0.0237189997, -0.997134984, -0.0630400032, 1.22411299]
        - [-0.0804229975, -0.0609400012, 0.994306982, 1.55121398]
      - - [-0.0643350035, 0.225865006, 0.971708, 0.626166999]
        - [0.984269023, -0.143769994, 0.0985589996, 1.76512301]
        - [0.162028998, 0.96311003, -0.213146999, 0.750190973]
    - - - [-0.999222994, 0.0138020003, 0.00675900001, 1.68884897]
        - [-0.0140800001, -0.998486996, -0.0389959998, 1.22377098]
        - [0.00624200003, -0.0390649997, 0.998596013, 1.45254898]
      - - [-0.0620669983, 0.237076998, 0.969129026, 0.645370007]
        - [0.983825028, -0.146695003, 0.0988809988, 1.75391996]
        - [0.165731996, 0.959892988, -0.224175006, 0.741892993]
    - - - [-0.995444, 0.00168099999, 0.0865650028, 1.746786]
        - [-0.002935, -0.999230027, -0.0133509999, 1.22280097]
        - [0.0866229981, -0.0135260001, 0.995480001, 1.35762]
      - - [-0.0593850017, 0.247933999, 0.966495991, 0.663317978]
        - [0.983316004, -0.149582997, 0.0987820029, 1.74330902]
        - [0.169182003, 0.956620991, -0.234928995, 0.733269989]
    - - - [-0.986313999, -0.00661400007, 0.161128998, 1.79485202]
        - [0.00867999997, -0.999346972, 0.0119279996, 1.220963]
        - [0.161118999, 0.0132900001, 0.986301005, 1.26665795]
      - - [-0.0563750006, 0.257871985, 0.964130998, 0.679892004]
        - [0.982940972, -0.152619004, 0.0982239991, 1.73318303]
        - [0.172465995, 0.953628004, -0.245058998, 0.724647999]
    - - - [-0.97212702, -0.0107180001, 0.231041998, 1.83314002]
        - [0.0193210002, -0.998529017, 0.0351440012, 1.21869695]
        - [0.230541006, 0.0386970006, 0.971651971, 1.17922795]
      - - [-0.0528989993, 0.266469002, 0.961839974, 0.694993019]
        - [0.982442975, -0.155686006, 0.0971949995, 1.72355199]
        - [0.175754994, 0.950646996, -0.253654003, 0.716318011]
    - - - [-0.954074979, -0.0102890003, 0.297255993, 1.86291301]
        - [0.0276999995, -0.997584999, 0.0544309989, 1.21591902]
        - [0.296178013, 0.0602269992, 0.952612996, 1.09491897]
      - - [-0.0492050014, 0.273066014, 0.960300028, 0.708570004]
        - [0.982231975, -0.159217998, 0.0955829993, 1.71434903]
        - [0.179052994, 0.948267996, -0.26048401, 0.708600998]
    - - - [-0.93196398, -0.00547399977, 0.360711992, 1.88373995]
        - [0.0321849994, -0.996632993, 0.068219997, 1.213202]
        - [0.359373987, 0.0752990022, 0.929611027, 1.01280296]
      - - [-0.0452079996, 0.277148992, 0.959360003, 0.720404983]
        - [0.981759012, -0.163173005, 0.0933689997, 1.70541]
        - [0.182477996, 0.94648701, -0.264752001, 0.701785982]
    - - - [-0.906778991, 0.00174900005, 0.420094013, 1.89610803]
        - [0.0342560001, -0.99584198, 0.0782689974, 1.21000803]
        - [0.418682009, 0.0853959993, 0.903497994, 0.93492198]
      - - [-0.0406199992, 0.278887004, 0.959106982, 0.73033601]
        - [0.981478989, -0.167131007, 0.0901769996, 1.69736004]
        - [0.185560003, 0.945308983, -0.266894013, 0.695645988]
    - - - [-0.879610002, 0.00922400039, 0.473814011, 1.90099895]
        - [0.0365040004, -0.994850993, 0.0872519985, 1.20537496]
        - [0.472555012, 0.094155997, 0.875536978, 0.863587976]
      - - [-0.0353370011, 0.279206008, 0.959141016, 0.73833698]
        - [0.981266975, -0.170552999, 0.0857900009, 1.69050598]
        - [0.187665001, 0.944550991, -0.267975003, 0.68976903]
    - - - [-0.851269007, 0.0166100003, 0.523231983, 1.90044105]
        - [0.039131999, -0.994197011, 0.0952460021, 1.19951105]
        - [0.522064984, 0.101631001, 0.846145988, 0.797863007]
      - - [-0.0294799991, 0.278524011, 0.959622025, 0.744795024]
        - [0.981266975, -0.173467994, 0.0804219991, 1.68482804]
        - [0.188925996, 0.944251001, -0.268215001, 0.684149027]
    - - - [-0.821262002, 0.0236569997, 0.568984985, 1.89489996]
        - [0.04208, -0.993368983, 0.102118, 1.19270802]
        - [0.567938983, 0.107923999, 0.815330982, 0.736853004]
      - - [-0.0231129993, 0.277040988, 0.96025002, 0.749898016]
        - [0.981261015, -0.175837994, 0.0742999986, 1.68006504]
        - [0.189506993, 0.944266021, -0.267769009, 0.678758979]
    - - - [-0.789595008, 0.0303249992, 0.611675024, 1.885396]
        - [0.0453869998, -0.992477, 0.107837997, 1.18508399]
        - [0.61077702, 0.113023996, 0.782907009, 0.679758012]
      - - [-0.0164269991, 0.27492699, 0.960922003, 0.753939986]
        - [0.981339991, -0.177794993, 0.0675949976, 1.67606199]
        - [0.189544007, 0.944458008, -0.266853005, 0.673573017]
    - - - [-0.756407976, 0.0366300009, 0.651960015, 1.873227]
        - [0.0489169993, -0.991801977, 0.112424001, 1.17693603]
        - [0.651223004, 0.117109001, 0.748974979, 0.625788987]
      - - [-0.00954999961, 0.272410005, 0.961691976, 0.757210016]
        - [0.981469989, -0.179471001, 0.0605360009, 1.67265606]
        - [0.189190999, 0.944832981, -0.265662014, 0.668564975]
    - - - [-0.721381009, 0.0426229984, 0.690119028, 1.85889995]
        - [0.0525470003, -0.991217017, 0.116141997, 1.16862798]
        - [0.689520001, 0.120208003, 0.713361025, 0.574398994]
      - - [-0.00261400011, 0.269717991, 0.962530017, 0.759958982]
        - [0.981635988, -0.180978999, 0.0533219986, 1.66963899]
        - [0.188641995, 0.945343018, -0.26434499, 0.663704991]
    - - - [-0.684570014, 0.0486340001, 0.726449013, 1.84350502]
        - [0.0561779998, -0.990770996, 0.119165003, 1.16034305]
        - [0.725996971, 0.122579999, 0.675900996, 0.524897993]
      - - [0.00424800022, 0.267046988, 0.963374019, 0.762435019]
        - [0.981804013, -0.182445005, 0.0461609997, 1.66679895]
        - [0.188082993, 0.94590503, -0.263056993, 0.658967018]
    - - - [-0.645483971, 0.0548960008, 0.760842025, 1.82733703]
        - [0.0596680008, -0.990164995, 0.122014999, 1.15251803]
        - [0.76056999, 0.124306001, 0.636344016, 0.476850003]
      - - [0.0109519996, 0.264573991, 0.963917017, 0.764835]
        - [0.981761992, -0.183916003, 0.0392730013, 1.66387999]
        - [0.187710002, 0.946242988, -0.261853009, 0.654317021]
    - - - [-0.604260027, 0.0619649999, 0.793447971, 1.81153798]
        - [0.0628829971, -0.989495993, 0.125107005, 1.14534795]
        - [0.793479979, 0.125674993, 0.594458997, 0.429562986]
      - - [0.0173339993, 0.262488008, 0.964299977, 0.767441988]
        - [0.981593013, -0.185599998, 0.0328439996, 1.66070497]
        - [0.187684, 0.946412027, -0.260937989, 0.649733007]
    - - - [-0.560837984, 0.0694810003, 0.824081004, 1.79583204]
        - [0.0658570006, -0.988928974, 0.128259003, 1.13825297]
        - [0.824469984, 0.126314998, 0.550517023, 0.383792013]
      - - [0.0235070009, 0.260710001, 0.964625001, 0.769997001]
        - [0.981401026, -0.187386006, 0.0267030001, 1.65749705]
        - [0.187832996, 0.946523011, -0.260302991, 0.645223022]
    - - - [-0.515730023, 0.0768980011, 0.852382004, 1.77967203]
        - [0.0686269999, -0.988406003, 0.130704999, 1.13044405]
        - [0.853184998, 0.126035005, 0.50493902, 0.340438008]
      - - [0.0296810009, 0.258926988, 0.964971006, 0.772087991]
        - [0.981245995, -0.189030007, 0.0205099992, 1.65462804]
        - [0.187836006, 0.946708024, -0.259692013, 0.640823007]
    - - - [-0.469319999, 0.0841440037, 0.878077984, 1.76298106]
        - [0.0711089969, -0.987904012, 0.132661998, 1.12213802]
        - [0.879355013, 0.124866001, 0.458097011, 0.299513012]
      - - [0.0358450003, 0.257129997, 0.965330005, 0.773763001]
        - [0.981114984, -0.190551996, 0.0142790005, 1.65206802]
        - [0.187722996, 0.946959019, -0.259083986, 0.636534989]
    - - - [-0.422078013, 0.0912339985, 0.901196003, 1.74596095]
        - [0.0733100027, -0.987634003, 0.134298995, 1.113451]
        - [0.902908981, 0.122844003, 0.410528004, 0.260926992]
      - - [0.0419950001, 0.25525701, 0.965573013, 0.775071979]
        - [0.980961978, -0.191955999, 0.00803599972, 1.64978504]
        - [0.187502995, 0.947161973, -0.258446008, 0.632360995]
    - - - [-0.374392003, 0.0981360003, 0.921343982, 1.728526]
        - [0.0750859976, -0.987366021, 0.135630995, 1.10457206]
        - [0.923596978, 0.120119996, 0.362504005, 0.224645004]
      - - [0.048117999, 0.253320009, 0.965785027, 0.776059985]
        - [0.980773985, -0.193278998, 0.00179799995, 1.64774704]
        - [0.187203005, 0.94739902, -0.257780999, 0.628302991]
    - - - [-0.326618999, 0.104787, 0.938535988, 1.71050894]
        - [0.0765639991, -0.987052977, 0.136846006, 1.09559202]
        - [0.941380024, 0.116653003, 0.314648002, 0.190731004]
      - - [0.054198999, 0.251322001, 0.965946972, 0.776744008]
        - [0.980512023, -0.194529995, -0.00443399977, 1.64589]
        - [0.186865002, 0.947678983, -0.257055014, 0.624364018]
    - - - [-0.279431999, 0.111231998, 0.952971995, 1.692276]
        - [0.0776659995, -0.98685199, 0.137933001, 1.086748]
        - [0.956449986, 0.112744004, 0.267342001, 0.159007996]
      - - [0.0602300018, 0.249283001, 0.966102004, 0.777212977]
        - [0.980181992, -0.195730001, -0.0106469998, 1.64421904]
        - [0.186510995, 0.947964013, -0.256219, 0.620545983]
    - - - [-0.233225003, 0.117362, 0.964619994, 1.67377698]
        - [0.0786229968, -0.986625016, 0.139059007, 1.07813096]
        - [0.968697011, 0.108359002, 0.221031994, 0.129554003]
      - - [0.0662110001, 0.247172996, 0.966261029, 0.777514994]
        - [0.979824007, -0.196900994, -0.0168149993, 1.64270306]
        - [0.186182007, 0.94828099, -0.255282015, 0.616850019]
    - - - [-0.188400999, 0.123213001, 0.973613024, 1.65510595]
        - [0.079425998, -0.986396015, 0.140181005, 1.06991005]
        - [0.978302002, 0.103891999, 0.176244006, 0.102300003]
      - - [0.0721200034, 0.244971007, 0.966445982, 0.77769798]
        - [0.979457021, -0.198078007, -0.0229349993, 1.64130902]
        - [0.185901999, 0.948647976, -0.254245013, 0.613278985]
    - - - [-0.145502001, 0.128684998, 0.980081022, 1.63633001]
        - [0.0803629979, -0.985993981, 0.141399994, 1.06220603]
        - [0.985428989, 0.0994490013, 0.133323997, 0.0772589967]
      - - [0.0779479966, 0.242633, 0.96655798, 0.777814984]
        - [0.979062974, -0.199264005, -0.0289869998, 1.64000499]
        - [0.185691997, 0.94896698, -0.25307101, 0.609844983]
    - - - [-0.104200996, 0.133658007, 0.984691024, 1.61771798]
        - [0.0815339983, -0.985773981, 0.142424002, 1.05473006]
        - [0.990563989, 0.0952640027, 0.0920130014, 0.0544410013]
      - - [0.0837320015, 0.240133002, 0.966633976, 0.777758002]
        - [0.978576005, -0.200497001, -0.0349819995, 1.63884497]
        - [0.185527995, 0.949293017, -0.251800001, 0.606537998]
    - - - [-0.0640729964, 0.137924001, 0.987594008, 1.59937203]
        - [0.0828310028, -0.985634029, 0.143016994, 1.04706299]
        - [0.993903995, 0.0910520032, 0.0518050008, 0.0339349993]
      - - [0.0894979984, 0.237541005, 0.966729999, 0.777424991]
        - [0.978070974, -0.201756001, -0.0409790017, 1.63789296]
        - [0.185424, 0.949662983, -0.250438988, 0.603366971]
    - - - [-0.0252059996, 0.141563997, 0.988723993, 1.58126199]
        - [0.0839420035, -0.985400021, 0.143221006, 1.03934705]
