_sword_blur:
  Attack:
    end: 5
    frame_num: 30
    mtx:
    - - - [0.395135999, 0.0157120004, -0.917834997, -1.11136794]
        - [0.152446002, -0.986467004, 0.0488279983, 0.881173015]
        - [-0.905310988, -0.159345999, -0.392439991, 1.17052698]
      - - [0.124692999, 0.102494001, 0.986766994, -0.106459998]
        - [0.335265994, -0.940357029, 0.0552939996, 0.957751989]
        - [0.933797002, 0.323983014, -0.151640996, -0.0130669996]
    - - - [0.248239994, 0.00966599956, -0.968127012, -1.03498101]
        - [0.145598993, -0.988417983, 0.0275389999, 0.859098017]
        - [-0.957100987, -0.147934005, -0.246901006, 1.25024605]
      - - [0.146725997, 0.108088002, 0.983155012, -0.105605997]
        - [0.333047003, -0.941249013, 0.0537509993, 0.949968994]
        - [0.931374013, 0.319566011, -0.174113005, -0.010272]
    - - - [0.0920680016, 0.00245100004, -0.995196998, -0.954418004]
        - [0.128922999, -0.991060972, 0.00957299955, 0.843599021]
        - [-0.986813009, -0.129334003, -0.0915680006, 1.32233298]
      - - [0.166334003, 0.112985, 0.979463995, -0.104797997]
        - [0.332082987, -0.94164902, 0.0521739982, 0.942705989]
        - [0.928384006, 0.316599011, -0.194158003, -0.00766400015]
    - - - [-0.0678299963, -0.00243699993, -0.997156978, -0.869395018]
        - [0.105005004, -0.993798971, -0.00469199987, 0.833316982]
        - [-0.99168998, -0.105184004, 0.0677129999, 1.38612998]
      - - [0.184016004, 0.117335998, 0.975772977, -0.104033001]
        - [0.332394004, -0.94164598, 0.0505249985, 0.935867012]
        - [0.924969018, 0.315088987, -0.212310001, -0.00520800008]
    - - - [-0.225225002, -0.00249499991, -0.973632991, -0.77984798]
        - [0.0767069981, -0.996302009, -0.0151119996, 0.826858997]
        - [-0.970574021, -0.0782509968, 0.224711999, 1.44054902]
      - - [0.200186998, 0.121353, 0.972123981, -0.103303]
        - [0.333855003, -0.941246986, 0.0487009995, 0.929358006]
        - [0.921054006, 0.314801008, -0.228940994, -0.00287099998]
    - - - [-0.374202996, 0.00314599997, -0.926800013, -0.686595023]
        - [0.0469669998, -0.998118997, -0.0222750008, 0.822537005]
        - [-0.925633013, -0.0519540012, 0.373573989, 1.48559499]
      - - [0.215184003, 0.125095993, 0.968424022, -0.102603003]
        - [0.336196989, -0.940500975, 0.0467359982, 0.923081994]
        - [0.916806996, 0.315553993, -0.244461, -0.000617999991]
    - - - [-0.509532988, 0.0139680002, -0.859668016, -0.590036988]
        - [0.0184640009, -0.998844981, -0.0271249991, 0.818801999]
        - [-0.859593987, -0.029755, 0.509018004, 1.52064598]
      - - [0.229363993, 0.128672004, 0.964707971, -0.101928003]
        - [0.339150012, -0.939562976, 0.0446420014, 0.916944981]
        - [0.91228199, 0.316974998, -0.259169012, 0.00158599997]
    - - - [-0.627708972, 0.0281310007, -0.777314007, -0.491209]
        - [-0.00625899993, -0.999031007, -0.0309560001, 0.813942015]
        - [-0.777815998, -0.0146399997, 0.627547026, 1.54626]
      - - [0.243038997, 0.132161006, 0.960877001, -0.101272002]
        - [0.342314988, -0.938507974, 0.0424400009, 0.910852015]
        - [0.907526016, 0.31863299, -0.273355991, 0.0037740001]
    - - - [-0.726707995, 0.0425480008, -0.685019016, -0.391041994]
        - [-0.0250380002, -0.998609006, -0.035383001, 0.806237996]
        - [-0.685810983, -0.00864499994, 0.727088988, 1.56347895]
      - - [0.256552994, 0.135572001, 0.956906021, -0.100629002]
        - [0.345274001, -0.937561989, 0.0402380005, 0.904708028]
        - [0.902718008, 0.320078999, -0.287349999, 0.0059799999]
    - - - [-0.806308985, 0.0536269993, -0.588060975, -0.289620012]
        - [-0.0358019993, -0.997879982, -0.0417979993, 0.79421699]
        - [-0.58938998, -0.0127950003, 0.806955993, 1.57314599]
      - - [0.270188987, 0.138974994, 0.95261699, -0.0999939963]
        - [0.347458005, -0.936797976, 0.038054999, 0.898416996]
        - [0.89783901, 0.320724994, -0.301413, 0.0082390001]
    - - - [-0.868097007, 0.0573190004, -0.49187699, -0.187148005]
        - [-0.0366210006, -0.997501016, -0.0516219996, 0.776232004]
        - [-0.493925989, -0.0269329995, 0.868521988, 1.57747698]
      - - [0.284334004, 0.142324999, 0.948014021, -0.0993610024]
        - [0.34839201, -0.936564982, 0.0361259989, 0.891892016]
        - [0.893176019, 0.320028007, -0.315901011, 0.0105839996]
    - - - [-0.913591027, 0.0465359986, -0.402770996, -0.0851100013]
        - [-0.0227579996, -0.997119009, -0.063428998, 0.753338993]
        - [-0.40477401, -0.0489129983, 0.912527025, 1.57641494]
      - - [0.298424006, 0.145593002, 0.943135023, -0.0987240002]
        - [0.348443002, -0.936564982, 0.0342620015, 0.88536799]
        - [0.888463974, 0.31842801, -0.330249012, 0.0129270004]
    - - - [-0.945514977, 0.0183160007, -0.323042005, 0.0153519996]
        - [0.00626499997, -0.996496975, -0.0749720037, 0.728281975]
        - [-0.323574007, -0.0731120035, 0.942788005, 1.57015705]
      - - [0.311868012, 0.148660004, 0.938275993, -0.0980779976]
        - [0.348632991, -0.936546028, 0.032478001, 0.879087985]
        - [0.883790016, 0.317021996, -0.343946993, 0.0151819997]
    - - - [-0.966993988, -0.0238600001, -0.251340002, 0.114647999]
        - [0.0468139984, -0.994553983, -0.0856679976, 0.702507019]
        - [-0.248117998, -0.0947970003, 0.963563025, 1.558164]
      - - [0.324725986, 0.151620999, 0.933395982, -0.0974159986]
        - [0.348957002, -0.936453998, 0.0306749996, 0.872937977]
        - [0.878997028, 0.315800995, -0.357053995, 0.0173909999]
    - - - [-0.979067981, -0.075834997, -0.185175002, 0.213111997]
        - [0.0947140008, -0.990266979, -0.0949110016, 0.677491009]
        - [-0.176302001, -0.110676996, 0.977415979, 1.53964305]
      - - [0.337125987, 0.154494002, 0.928542972, -0.0967340022]
        - [0.349467009, -0.936348975, 0.0288539995, 0.866805971]
        - [0.87410301, 0.314805001, -0.369702011, 0.0195930004]
    - - - [-0.983129025, -0.132911995, -0.122037999, 0.310786992]
        - [0.145686001, -0.983566999, -0.102425002, 0.654444993]
        - [-0.106448002, -0.118610002, 0.986814976, 1.51429498]
      - - [0.349193007, 0.157284006, 0.923717976, -0.0960260034]
        - [0.35018599, -0.936251998, 0.0270169992, 0.860579014]
        - [0.869127989, 0.314049989, -0.38202399, 0.0218289997]
    - - - [-0.979451001, -0.189925, -0.0589910001, 0.407187015]
        - [0.195438996, -0.974120021, -0.107987002, 0.634459972]
        - [-0.0369109996, -0.117455997, 0.991899014, 1.48070896]
      - - [0.360933989, 0.160034999, 0.918568015, -0.0952849984]
        - [0.351007015, -0.935853004, 0.0250630006, 0.854146004]
        - [0.863905013, 0.313423991, -0.394012988, 0.0241390001]
    - - - [-0.969649971, -0.242177993, 0.00687400019, 0.502113998]
        - [0.239920005, -0.963733017, -0.111985996, 0.617893994]
        - [0.033783, -0.107104003, 0.993155003, 1.43838799]
      - - [0.372604996, 0.162745997, 0.913501978, -0.0945070013]
        - [0.352043986, -0.935595989, 0.0230819993, 0.847392023]
        - [0.858587027, 0.313017994, -0.405932993, 0.0265650004]
    - - - [-0.954661012, -0.285071999, 0.0784540027, 0.594573975]
        - [0.275435001, -0.953774989, -0.115009002, 0.604780972]
        - [0.107785001, -0.0883340016, 0.989704013, 1.38610697]
      - - [0.38418299, 0.165479004, 0.908155024, -0.0936859995]
        - [0.353132993, -0.935196996, 0.0209539998, 0.840206027]
        - [0.852952003, 0.312687993, -0.417773992, 0.0291450005]
    - - - [-0.935190022, -0.314866006, 0.158886001, 0.683592021]
        - [0.298577011, -0.946462989, -0.117914997, 0.594726026]
        - [0.187620997, -0.0630899966, 0.979698002, 1.32287002]
      - - [0.395884007, 0.168188006, 0.902610004, -0.0928149968]
        - [0.354317009, -0.934789002, 0.0187550001, 0.83247602]
        - [0.847122014, 0.312420994, -0.429708987, 0.0319220014]
    - - - [-0.910247982, -0.327906996, 0.250602007, 0.767179012]
        - [0.306293011, -0.943450987, -0.12201, 0.586732984]
        - [0.276647002, -0.0344230011, 0.959791005, 1.24705303]
      - - [0.407754987, 0.170995995, 0.896826029, -0.0918899998]
        - [0.355488002, -0.934436977, 0.016477, 0.82407999]
        - [0.840957999, 0.312124014, -0.441854, 0.0349339992]
    - - - [-0.876015007, -0.324355006, 0.355161011, 0.846032023]
        - [0.297794014, -0.945263982, -0.128726006, 0.579692006]
        - [0.377721012, -0.00715199998, 0.925303996, 1.15421295]
      - - [0.420047998, 0.173925996, 0.890506029, -0.0908619985]
        - [0.356961995, -0.933853984, 0.0139859999, 0.814601004]
        - [0.834266007, 0.312041014, -0.454405993, 0.0383209996]
    - - - [-0.827283978, -0.308696002, 0.468194991, 0.917294979]
        - [0.276625991, -0.950480998, -0.137826994, 0.573342979]
        - [0.487865001, 0.0154330004, 0.872193992, 1.04243696]
      - - [0.432734013, 0.177199006, 0.883831978, -0.0897089988]
        - [0.358978987, -0.933193028, 0.0112619996, 0.803909004]
        - [0.826867998, 0.312435001, -0.467482001, 0.0421169996]
    - - - [-0.760263979, -0.285385013, 0.582759976, 0.974114001]
        - [0.245800003, -0.957430005, -0.148083001, 0.568216026]
        - [0.600530028, 0.0305509996, 0.798491001, 0.915910006]
      - - [0.445612013, 0.180613995, 0.876667976, -0.0884660035]
        - [0.361384004, -0.932238996, 0.00836800039, 0.792353988]
        - [0.818988025, 0.313118994, -0.480740011, 0.0462069996]
    - - - [-0.673753977, -0.259333014, 0.691181004, 1.01095796]
        - [0.208254993, -0.964480996, -0.158954993, 0.564347029]
        - [0.708374023, 0.0367849991, 0.704249024, 0.780305982]
      - - [0.458395988, 0.184150994, 0.869310975, -0.0871680006]
        - [0.363968998, -0.931273997, 0.0052769999, 0.780287981]
        - [0.810680985, 0.314025998, -0.493984014, 0.0504780002]
    - - - [-0.569625974, -0.235738993, 0.786689997, 1.02534199]
        - [0.166760996, -0.970668972, -0.169908002, 0.561770022]
        - [0.80410099, 0.0342970006, 0.59255898, 0.643366992]
      - - [0.470984012, 0.187601, 0.861872971, -0.0858509988]
        - [0.36669299, -0.930254996, 0.00210799999, 0.768060982]
        - [0.802286983, 0.315059006, -0.50694102, 0.0548139997]
    - - - [-0.452899992, -0.218048006, 0.863846004, 1.01774704]
        - [0.124224, -0.975019991, -0.180943996, 0.559993029]
        - [0.882142007, 0.0253100004, 0.468986988, 0.512637973]
      - - [0.482969999, 0.190913007, 0.854380012, -0.0845490023]
        - [0.369287014, -0.929152012, -0.00118599995, 0.75602299]
        - [0.793833971, 0.316130012, -0.519330025, 0.0590999983]
    - - - [-0.330875993, -0.208335996, 0.919806004, 0.99198401]
        - [0.0832810029, -0.977428973, -0.191446006, 0.558992028]
        - [0.939445019, 0.0132520003, 0.340927988, 0.395139992]
      - - [0.494311988, 0.193933994, 0.847257972, -0.0832979977]
        - [0.371775001, -0.928215981, -0.00448000012, 0.744526029]
        - [0.785688996, 0.317241997, -0.530991018, 0.0632229969]
    - - - [-0.211689994, -0.206024006, 0.954761028, 0.954014003]
        - [0.0466420017, -0.977952003, -0.200642005, 0.558661997]
        - [0.975620985, 0.00200699992, 0.216785997, 0.295843989]
      - - [0.504721999, 0.196557, 0.840489984, -0.0821309984]
        - [0.373999, -0.927302003, -0.00777600007, 0.733919024]
        - [0.777975023, 0.318269998, -0.541547, 0.0670680031]
    - - - [-0.103529997, -0.208332002, 0.971890986, 0.911535025]
        - [0.0170990005, -0.977373004, -0.207541004, 0.558741987]
        - [0.993865013, -0.00493500009, 0.104792997, 0.217253998]
      - - [0.513967991, 0.198624998, 0.834335029, -0.0810849965]
        - [0.375847012, -0.926473022, -0.0109750004, 0.724554002]
        - [0.771013021, 0.319261014, -0.550895989, 0.0705199987]
    start: 2
  Attack_Down_Loop:
    end: 1
    frame_num: 10
    mtx:
    - - - [-0.995127022, 0.0324059986, -0.087049, 0.205568001]
        - [0.0857170001, -0.0418470018, -0.99476999, 1.08003294]
        - [-0.035840001, -0.998090029, 0.0388239995, 0.710421026]
      - - [-0.0640959963, 0.119989999, 0.990610003, 0.0]
        - [0.687651992, -0.714002013, 0.130979002, 1.23979902]
        - [0.723147988, 0.689660013, -0.0367509983, -0.0771259964]
    - - - [-0.995127022, 0.0324059986, -0.087049, 0.205568001]
        - [0.0857170001, -0.0418470018, -0.99476999, 1.08003294]
        - [-0.035840001, -0.998090029, 0.0388239995, 0.710421026]
      - - [-0.0640959963, 0.119989999, 0.990610003, 0.0]
        - [0.687651992, -0.714002013, 0.130979002, 1.23979902]
        - [0.723147988, 0.689660013, -0.0367509983, -0.0771259964]
    - - - [-0.995127022, 0.0324059986, -0.087049, 0.205568001]
        - [0.0857170001, -0.0418470018, -0.99476999, 1.08003294]
        - [-0.035840001, -0.998090029, 0.0388239995, 0.710421026]
      - - [-0.0640959963, 0.119989999, 0.990610003, 0.0]
        - [0.687651992, -0.714002013, 0.130979002, 1.23979902]
        - [0.723147988, 0.689660013, -0.0367509983, -0.0771259964]
    - - - [-0.995127022, 0.0324059986, -0.087049, 0.205568001]
        - [0.0857170001, -0.0418470018, -0.99476999, 1.08003294]
        - [-0.035840001, -0.998090029, 0.0388239995, 0.710421026]
      - - [-0.0640959963, 0.119989999, 0.990610003, 0.0]
        - [0.687651992, -0.714002013, 0.130979002, 1.23979902]
        - [0.723147988, 0.689660013, -0.0367509983, -0.0771259964]
    - - - [-0.995127022, 0.0324059986, -0.087049, 0.205568001]
        - [0.0857170001, -0.0418470018, -0.99476999, 1.08003294]
        - [-0.035840001, -0.998090029, 0.0388239995, 0.710421026]
      - - [-0.0640959963, 0.119989999, 0.990610003, 0.0]
        - [0.687651992, -0.714002013, 0.130979002, 1.23979902]
        - [0.723147988, 0.689660013, -0.0367509983, -0.0771259964]
    - - - [-0.995127022, 0.0324059986, -0.087049, 0.205568001]
        - [0.0857170001, -0.0418470018, -0.99476999, 1.08003294]
        - [-0.035840001, -0.998090029, 0.0388239995, 0.710421026]
      - - [-0.0640959963, 0.119989999, 0.990610003, 0.0]
        - [0.687651992, -0.714002013, 0.130979002, 1.23979902]
        - [0.723147988, 0.689660013, -0.0367509983, -0.0771259964]
    - - - [-0.995127022, 0.0324059986, -0.087049, 0.205568001]
        - [0.0857170001, -0.0418470018, -0.99476999, 1.08003294]
        - [-0.035840001, -0.998090029, 0.0388239995, 0.710421026]
      - - [-0.0640959963, 0.119989999, 0.990610003, 0.0]
        - [0.687651992, -0.714002013, 0.130979002, 1.23979902]
        - [0.723147988, 0.689660013, -0.0367509983, -0.0771259964]
    - - - [-0.995127022, 0.0324059986, -0.087049, 0.205568001]
        - [0.0857170001, -0.0418470018, -0.99476999, 1.08003294]
        - [-0.035840001, -0.998090029, 0.0388239995, 0.710421026]
      - - [-0.0640959963, 0.119989999, 0.990610003, 0.0]
        - [0.687651992, -0.714002013, 0.130979002, 1.23979902]
        - [0.723147988, 0.689660013, -0.0367509983, -0.0771259964]
    - - - [-0.995127022, 0.0324059986, -0.087049, 0.205568001]
        - [0.0857170001, -0.0418470018, -0.99476999, 1.08003294]
        - [-0.035840001, -0.998090029, 0.0388239995, 0.710421026]
      - - [-0.0640959963, 0.119989999, 0.990610003, 0.0]
        - [0.687651992, -0.714002013, 0.130979002, 1.23979902]
        - [0.723147988, 0.689660013, -0.0367509983, -0.0771259964]
    - - - [-0.995127022, 0.0324059986, -0.087049, 0.205568001]
        - [0.0857170001, -0.0418470018, -0.99476999, 1.08003294]
        - [-0.035840001, -0.998090029, 0.0388239995, 0.710421026]
      - - [-0.0640959963, 0.119989999, 0.990610003, 0.0]
        - [0.687651992, -0.714002013, 0.130979002, 1.23979902]
        - [0.723147988, 0.689660013, -0.0367509983, -0.0771259964]
    start: 0
  double_attack_anm_num: 0
