_sword_blur:
  Attack_Lsword_Cross:
    end: 79
    frame_num: 130
    mtx:
    - - - [0.263442993, 0.648546994, -0.713277996, -6.11028481]
        - [0.946291029, -0.315248996, 0.0628810003, 1.80997503]
        - [-0.184098005, -0.691986978, -0.697176993, -3.17718291]
      - - [-0.312186986, -0.209501997, 0.926514983, 0.278411001]
        - [0.816734016, -0.557173014, 0.149217993, 1.44992697]
        - [0.485071987, 0.803353012, 0.345072001, -0.0380039997]
    - - - [0.300949007, 0.644654989, -0.702012002, -6.15706015]
        - [0.926398993, -0.370997995, 0.0564570017, 1.80287302]
        - [-0.224123999, -0.667659998, -0.709281981, -3.14558101]
      - - [-0.312299997, -0.192928001, 0.930122972, 0.278108001]
        - [0.814706028, -0.557834029, 0.157857999, 1.45000899]
        - [0.488454014, 0.807114005, 0.331407011, -0.0405809991]
    - - - [0.338146001, 0.637663007, -0.691471994, -6.2051158]
        - [0.903710008, -0.424163014, 0.0509199984, 1.80931401]
        - [-0.260931998, -0.642401993, -0.720014989, -3.11964703]
      - - [-0.312415004, -0.176003993, 0.933435023, 0.277765989]
        - [0.812698007, -0.558246017, 0.166728005, 1.45009696]
        - [0.49180299, 0.810710013, 0.317449987, -0.0432819985]
    - - - [0.374623001, 0.627444983, -0.681877971, -6.25425291]
        - [0.878422022, -0.474712998, 0.0459059998, 1.82562494]
        - [-0.294961989, -0.616481006, -0.729390979, -3.09758306]
      - - [-0.312409997, -0.158815995, 0.936496973, 0.277384996]
        - [0.810689986, -0.558384001, 0.175726995, 1.45018899]
        - [0.495095015, 0.814113975, 0.30319801, -0.0460710004]
    - - - [0.409940988, 0.614355028, -0.673506975, -6.30472517]
        - [0.850961983, -0.52265799, 0.0412180014, 1.84955096]
        - [-0.326786995, -0.590273023, -0.737447023, -3.07766795]
      - - [-0.312193006, -0.141429007, 0.939381003, 0.276962012]
        - [0.808737993, -0.558281004, 0.184742004, 1.45028698]
        - [0.498356014, 0.817393005, 0.288672, -0.0489099994]
    - - - [0.443471998, 0.598607004, -0.666383028, -6.35490608]
        - [0.821585, -0.567959011, 0.0365459993, 1.87830997]
        - [-0.356707007, -0.564025998, -0.74408102, -3.05761909]
      - - [-0.311677009, -0.123885997, 0.942030013, 0.276497006]
        - [0.806904018, -0.557897985, 0.193636, 1.45039105]
        - [0.501605988, 0.820487976, 0.273851007, -0.0517619997]
    - - - [0.47469601, 0.580627024, -0.660753012, -6.40531397]
        - [0.790776014, -0.610490024, 0.0316740014, 1.90902996]
        - [-0.385062993, -0.537859976, -0.749249995, -3.035501]
      - - [-0.310766995, -0.106250003, 0.944446981, 0.275988996]
        - [0.805227995, -0.557228982, 0.202283993, 1.45049906]
        - [0.50485599, 0.823361993, 0.258724988, -0.0545910001]
    - - - [0.503196001, 0.560908973, -0.656859994, -6.45589209]
        - [0.758964002, -0.649969995, 0.0263599996, 1.93885303]
        - [-0.412248999, -0.511964977, -0.753033996, -3.00975609]
      - - [-0.309361011, -0.0885900036, 0.946727991, 0.275436997]
        - [0.803730011, -0.556329012, 0.210583001, 1.45061302]
        - [0.508113027, 0.826075017, 0.243313, -0.0573580004]
    - - - [0.528285027, 0.539897025, -0.654564023, -6.50512981]
        - [0.726392984, -0.686200023, 0.0202929992, 1.96484101]
        - [-0.438297987, -0.486474991, -0.755068004, -2.97718406]
      - - [-0.307359993, -0.0709670037, 0.948890984, 0.274841011]
        - [0.802439988, -0.555212021, 0.218410999, 1.45073199]
        - [0.51138401, 0.828602016, 0.227608994, -0.0600280017]
    - - - [0.54974401, 0.518368006, -0.654218018, -6.55488682]
        - [0.693907022, -0.719154, 0.0133339996, 1.98407996]
        - [-0.463716, -0.461612999, -0.75552398, -2.93653607]
      - - [-0.304666013, -0.0534350015, 0.950869024, 0.274199009]
        - [0.801379025, -0.553846002, 0.22563, 1.45085704]
        - [0.514669001, 0.830826998, 0.211579993, -0.0625619963]
    - - - [0.567260027, 0.497040004, -0.655880988, -6.60566378]
        - [0.662042022, -0.748665988, 0.00525799999, 1.99358106]
        - [-0.488647997, -0.437453002, -0.754221976, -2.88545799]
      - - [-0.301167995, -0.0360729992, 0.952744007, 0.273510009]
        - [0.80053103, -0.552264988, 0.232137993, 1.45098698]
        - [0.517937005, 0.832726002, 0.195227996, -0.0649240017]
    - - - [0.581005991, 0.476112008, -0.659295022, -6.65513086]
        - [0.631147027, -0.774995983, -0.0034690001, 1.99864602]
        - [-0.512784004, -0.414445996, -0.751172006, -2.83069301]
      - - [-0.297001004, -0.0188859999, 0.954533994, 0.272814006]
        - [0.799889028, -0.55064702, 0.237999007, 1.451123]
        - [0.52127099, 0.834331989, 0.178676993, -0.0671909973]
    - - - [0.591578007, 0.455574006, -0.664318025, -6.70429277]
        - [0.601499975, -0.798062027, -0.0116499998, 2.00706506]
        - [-0.535744011, -0.392971992, -0.746610999, -2.7796669]
      - - [-0.292338997, -0.00182699994, 0.956193984, 0.27213499]
        - [0.799386978, -0.549053013, 0.243376002, 1.45126402]
        - [0.524671018, 0.835618973, 0.161990002, -0.0694459975]
    - - - [0.599313021, 0.435586005, -0.671141028, -6.75424814]
        - [0.573611975, -0.818417013, -0.0190350004, 2.01736808]
        - [-0.557641029, -0.373665988, -0.74061799, -2.729146]
      - - [-0.287167013, 0.0151469996, 0.957735002, 0.271445006]
        - [0.79904598, -0.547474027, 0.248288006, 1.45141101]
        - [0.528114021, 0.836601973, 0.145117998, -0.0716580003]
    - - - [0.603905976, 0.416002005, -0.679179013, -6.80187988]
        - [0.547366977, -0.835821986, -0.0253100004, 2.02912498]
        - [-0.578387976, -0.356727004, -0.732865989, -2.67397404]
      - - [-0.281434, 0.0320769995, 0.958947003, 0.270718008]
        - [0.798792005, -0.54577899, 0.252694011, 1.451563]
        - [0.531576991, 0.837195992, 0.127991006, -0.0737949982]
    - - - [0.605821013, 0.397188991, -0.688724995, -6.85119486]
        - [0.523491979, -0.85105902, -0.0302469991, 2.04144597]
        - [-0.598452985, -0.342366993, -0.723854005, -2.61227894]
      - - [-0.275146008, 0.0490060002, 0.960008025, 0.269928992]
        - [0.798700988, -0.544062018, 0.256655991, 1.45172095]
        - [0.535036027, 0.837503016, 0.110572003, -0.0758239999]
    - - - [0.605089009, 0.379049003, -0.69946897, -6.90162802]
        - [0.501679003, -0.863758981, -0.0341189988, 2.05157804]
        - [-0.61729902, -0.330475003, -0.713147998, -2.53855705]
      - - [-0.268270999, 0.0659679994, 0.960955024, 0.269048989]
        - [0.798740983, -0.542289972, 0.260205001, 1.45188498]
        - [0.538415015, 0.837441027, 0.0927980021, -0.0777129978]
    - - - [0.601966977, 0.361936003, -0.711230993, -6.95483398]
        - [0.482351005, -0.874706984, -0.0368839987, 2.05873609]
        - [-0.635699987, -0.321013987, -0.701403975, -2.45141912]
      - - [-0.26079601, 0.0830240026, 0.961703002, 0.268052995]
        - [0.79894501, -0.540463984, 0.263327003, 1.45205402]
        - [0.541745007, 0.837085009, 0.0746250004, -0.0794320032]
    - - - [0.596459985, 0.345791996, -0.723544002, -7.00829792]
        - [0.465077013, -0.883687019, -0.0389880016, 2.06028891]
        - [-0.653205991, -0.313562006, -0.68830502, -2.34538603]
      - - [-0.252694011, 0.100212, 0.962198973, 0.26691401]
        - [0.799288988, -0.538554013, 0.266018987, 1.45222902]
        - [0.545001984, 0.836422026, 0.0559989996, -0.0809459984]
    - - - [0.589097023, 0.330969989, -0.736591995, -7.06588888]
        - [0.450087011, -0.891580999, -0.0406600013, 2.05473208]
        - [-0.670457006, -0.307704985, -0.674484015, -2.2192049]
      - - [-0.243977994, 0.117594004, 0.962553024, 0.265605986]
        - [0.799893022, -0.536632001, 0.268328995, 1.45240998]
        - [0.548162997, 0.835434973, 0.0368660018, -0.0822250023]
    - - - [0.579752028, 0.317247987, -0.749647975, -7.12266493]
        - [0.436527014, -0.897980988, -0.042417001, 2.03964996]
        - [-0.687048972, -0.302902997, -0.65951997, -2.06667399]
      - - [-0.234575003, 0.135195002, 0.962532997, 0.264102012]
        - [0.800584972, -0.534590006, 0.270206988, 1.45259595]
        - [0.55121398, 0.834092975, 0.0171690006, -0.0832469985]
    - - - [0.569648027, 0.304906994, -0.762584984, -7.18011713]
        - [0.425229013, -0.903491974, -0.0435420014, 2.0170579]
        - [-0.702597022, -0.299632013, -0.64467901, -1.89089704]
      - - [-0.224389002, 0.153079003, 0.962327003, 0.262483001]
        - [0.801500976, -0.53263098, 0.271611005, 1.452788]
        - [0.554223001, 0.832306981, -0.00317599997, -0.0840179995]
    - - - [0.559023023, 0.293570012, -0.774913013, -7.23242092]
        - [0.416283011, -0.907612979, -0.0435829982, 1.98929405]
        - [-0.716341019, -0.298388004, -0.629875004, -1.69350696]
      - - [-0.213306993, 0.171186998, 0.961748004, 0.260818005]
        - [0.802393019, -0.530776024, 0.272435009, 1.452986]
        - [0.557241976, 0.829934001, -0.0241439994, -0.0845950022]
    - - - [0.547493994, 0.283078998, -0.786983013, -7.27932405]
        - [0.409305006, -0.910872996, -0.0429299995, 1.95781898]
        - [-0.729256988, -0.298837006, -0.614830017, -1.47597396]
      - - [-0.201481, 0.189477995, 0.960928023, 0.259070992]
        - [0.803389013, -0.529151976, 0.272796005, 1.45318997]
        - [0.560231984, 0.826968014, -0.0456110016, -0.084977001]
    - - - [0.534582019, 0.273117989, -0.799179971, -7.31872797]
        - [0.403827012, -0.913339019, -0.041979, 1.92328405]
        - [-0.741726995, -0.30052501, -0.598807991, -1.23834205]
      - - [-0.188977003, 0.207844004, 0.959586978, 0.257201999]
        - [0.80429101, -0.527661979, 0.272695005, 1.45340002]
        - [0.563171983, 0.823440015, -0.0674609989, -0.0851659998]
    - - - [0.519792974, 0.263377994, -0.81200099, -7.35209799]
        - [0.399488002, -0.915135026, -0.0411130004, 1.88609004]
        - [-0.754332006, -0.303274989, -0.581305027, -0.981876016]
      - - [-0.175944999, 0.226256996, 0.957910001, 0.255174994]
        - [0.805257976, -0.526431024, 0.272258997, 1.45361602]
        - [0.566020012, 0.819356978, -0.0895820037, -0.0851629972]
    - - - [0.50266403, 0.253720999, -0.825824976, -7.37849712]
        - [0.39615199, -0.916655004, -0.0405220017, 1.84760201]
        - [-0.767587006, -0.306968004, -0.561523974, -0.706716001]
      - - [-0.162474006, 0.244633004, 0.955798984, 0.252950013]
        - [0.806208014, -0.525415003, 0.271530986, 1.45383799]
        - [0.568732023, 0.814734995, -0.111865997, -0.084968999]
    - - - [0.482326001, 0.243836999, -0.840808988, -7.39722919]
        - [0.393629998, -0.917895019, -0.0403679982, 1.808514]
        - [-0.782012999, -0.311697006, -0.538963974, -0.414790004]
      - - [-0.148654997, 0.262885988, 0.953162014, 0.250488997]
        - [0.80706501, -0.524555027, 0.270547003, 1.45406604]
        - [0.571265996, 0.809599996, -0.134207994, -0.0845860019]
    - - - [0.458101988, 0.233453006, -0.857236981, -7.40869284]
        - [0.391838998, -0.918594003, -0.0408090018, 1.76953304]
        - [-0.797286987, -0.31734699, -0.512483001, -0.105970003]
      - - [-0.134614006, 0.280979991, 0.950119019, 0.247755006]
        - [0.807928979, -0.523896992, 0.269401014, 1.45430005]
        - [0.573576987, 0.803990006, -0.156507, -0.0840149969]
    - - - [0.429058999, 0.222369, -0.87499398, -7.41222286]
        - [0.390911996, -0.918874979, -0.0418529995, 1.73150301]
        - [-0.813705027, -0.324209988, -0.481418014, 0.218125001]
      - - [-0.120444998, 0.298851013, 0.946653008, 0.244709]
        - [0.808785975, -0.523396015, 0.268135011, 1.45454001]
        - [0.575623989, 0.79794699, -0.178668007, -0.0832569972]
    - - - [0.394356012, 0.210403994, -0.894007981, -7.40828991]
        - [0.391083986, -0.918833971, -0.0437229984, 1.69369602]
        - [-0.831023991, -0.332594991, -0.444869012, 0.556684017]
      - - [-0.106227003, 0.316403002, 0.942556977, 0.241313994]
        - [0.809493005, -0.522852004, 0.266745001, 1.45478594]
        - [0.577328026, 0.791432023, -0.200610995, -0.0823130012]
    - - - [0.354081005, 0.197060004, -0.913645983, -7.39398003]
        - [0.394533992, -0.917228997, -0.0449009985, 1.65897298]
        - [-0.847301006, -0.344817996, -0.402754992, 0.908918977]
      - - [-0.0916119963, 0.333851993, 0.938022017, 0.237847999]
        - [0.810217977, -0.522503018, 0.265094995, 1.455037]
        - [0.578774989, 0.784403026, -0.222657993, -0.0817319974]
    - - - [0.30904901, 0.181376994, -0.932987988, -7.36505604]
        - [0.402514994, -0.913689971, -0.0443239994, 1.62833703]
        - [-0.860974014, -0.362125993, -0.355518997, 1.27640796]
      - - [-0.0762780011, 0.351388007, 0.932990015, 0.234510005]
        - [0.81091702, -0.522463024, 0.263071001, 1.45529103]
        - [0.580030024, 0.776713014, -0.245115995, -0.0818189979]
    - - - [0.259409994, 0.162531003, -0.951519012, -7.31942701]
        - [0.413663, -0.908954978, -0.0425200015, 1.60102999]
        - [-0.872126997, -0.382827014, -0.303068012, 1.66066301]
      - - [-0.0604059994, 0.368869007, 0.927434981, 0.231132001]
        - [0.811517, -0.522744, 0.26076901, 1.455549]
        - [0.581088006, 0.768393993, -0.267771006, -0.0822070017]
    - - - [0.205305994, 0.139897004, -0.968158007, -7.25233889]
        - [0.426423013, -0.903110027, -0.0400810018, 1.576123]
        - [-0.880352974, -0.404825002, -0.245143995, 2.06320906]
      - - [-0.0441729985, 0.386135995, 0.921293974, 0.227549002]
        - [0.811908007, -0.523308992, 0.258264989, 1.45581305]
        - [0.581942976, 0.75949198, -0.290421009, -0.0825290009]
    - - - [0.147064999, 0.113259003, -0.982083976, -7.16118813]
        - [0.43937099, -0.896890998, -0.0376419984, 1.55297101]
        - [-0.885568976, -0.426210999, -0.181778997, 2.48506188]
      - - [-0.0277699996, 0.403079003, 0.914635003, 0.223594993]
        - [0.812148988, -0.524169028, 0.255663007, 1.45608306]
        - [0.582590997, 0.750028014, -0.312848985, -0.0824169964]
    - - - [0.0849900022, 0.0827979967, -0.992452979, -7.04271078]
        - [0.451218009, -0.891130984, -0.0356709994, 1.531124]
        - [-0.887836993, -0.445003003, -0.113186002, 2.92621994]
      - - [-0.0113789998, 0.419573009, 0.907498002, 0.219100997]
        - [0.812228024, -0.525283992, 0.253044993, 1.45636106]
        - [0.583027005, 0.740083992, -0.33486101, -0.0815050006]
    - - - [0.0193479992, 0.0489830002, -0.998049021, -6.89148808]
        - [0.460451007, -0.886278987, -0.0345540009, 1.51083696]
        - [-0.886780977, -0.459123999, -0.0396870002, 3.38519096]
      - - [0.00481900014, 0.435537994, 0.900012016, 0.213902995]
        - [0.812151015, -0.526645005, 0.25050801, 1.45664704]
        - [0.583244979, 0.729819, -0.356299996, -0.079425998]
    - - - [-0.0497040004, 0.0127410004, -0.998156011, -6.70414877]
        - [0.465945989, -0.883520007, -0.0344760008, 1.49295294]
        - [-0.882740974, -0.46705699, 0.0380339995, 3.8598361]
      - - [0.0206390005, 0.450875998, 0.892261982, 0.207833007]
        - [0.811941981, -0.52818501, 0.248118997, 1.45694304]
        - [0.583239973, 0.719358981, -0.376994014, -0.0758130029]
    - - - [-0.122015998, -0.0246060006, -0.991734982, -6.4753952]
        - [0.466455013, -0.883189023, -0.0354630016, 1.47884905]
        - [-0.875437975, -0.467153996, 0.119349003, 4.34664011]
      - - [0.0358989984, 0.465442985, 0.884239018, 0.200726002]
        - [0.811547995, -0.529766023, 0.245904997, 1.45725]
        - [0.583007991, 0.708842993, -0.396786004, -0.0702999979]
    - - - [-0.197457999, -0.0614270009, -0.977909982, -6.20078993]
        - [0.461028993, -0.886056006, -0.0374710001, 1.47048295]
        - [-0.864601016, -0.458490014, 0.203470007, 4.84131908]
      - - [0.0504169986, 0.479171008, 0.876146019, 0.192414001]
        - [0.811089993, -0.531346023, 0.243918002, 1.45756805]
        - [0.582544029, 0.698441029, -0.415502012, -0.0625289977]
    - - - [-0.277440012, -0.0975529999, -0.955217004, -5.86838388]
        - [0.453375995, -0.889671028, -0.0408699997, 1.45752394]
        - [-0.84630698, -0.444667011, 0.291314006, 5.34200478]
      - - [0.0646070018, 0.492190003, 0.867992997, 0.182322994]
        - [0.810667992, -0.532975018, 0.241870999, 1.45789599]
        - [0.581758976, 0.688103974, -0.433485001, -0.0513189994]
    - - - [-0.361573011, -0.134391993, -0.92217499, -5.47018719]
        - [0.448114008, -0.892247975, -0.0456419997, 1.43258798]
        - [-0.816999972, -0.429823995, 0.383138001, 5.84264088]
      - - [0.0788969994, 0.504595995, 0.859704018, 0.170301005]
        - [0.810271978, -0.534744978, 0.239493996, 1.45823205]
        - [0.580609024, 0.677716017, -0.45106101, -0.0364120007]
    - - - [-0.447165012, -0.17159, -0.877306998, -5.00407505]
        - [0.443618, -0.894232988, -0.05119, 1.40214097]
        - [-0.77611202, -0.412290007, 0.476226002, 6.32588387]
      - - [0.0931150019, 0.516367018, 0.851185977, 0.156828001]
        - [0.809773982, -0.536567986, 0.236913994, 1.45857799]
        - [0.579155982, 0.667298019, -0.468167007, -0.0187909994]
    - - - [-0.531507015, -0.208171993, -0.820487976, -4.47574711]
        - [0.438962013, -0.896115005, -0.0569749996, 1.37134302]
        - [-0.723801017, -0.390572995, 0.568078995, 6.77643585]
      - - [0.107111998, 0.527621984, 0.842585027, 0.142380998]
        - [0.809275985, -0.538484991, 0.234317005, 1.45893395]
        - [0.577461004, 0.656876981, -0.484737009, 0.000569000025]
    - - - [-0.612214983, -0.243090004, -0.751860976, -3.89175701]
        - [0.433308989, -0.898626983, -0.0623620003, 1.34564102]
        - [-0.660722971, -0.364059001, 0.655869007, 7.1793952]
      - - [0.120725997, 0.538411975, 0.833931029, 0.127435997]
        - [0.808770001, -0.54044503, 0.231852993, 1.45930099]
        - [0.575582981, 0.646481991, -0.500706971, 0.0206879992]
    - - - [-0.686869025, -0.274969012, -0.672007978, -3.261127]
        - [0.426075011, -0.901651978, -0.0666859969, 1.32989502]
        - [-0.587875009, -0.332320005, 0.736931026, 7.52150106]
      - - [0.133763, 0.548693001, 0.825110018, 0.112470001]
        - [0.808080018, -0.542273998, 0.229608998, 1.45968199]
        - [0.573556006, 0.636124015, -0.515990973, 0.0405859984]
    - - - [-0.753768981, -0.302644014, -0.582560003, -2.59759808]
        - [0.417228013, -0.905699015, -0.0693299994, 1.32792997]
        - [-0.506841004, -0.295504004, 0.809270024, 7.79512691]
      - - [0.146081001, 0.558606982, 0.816305995, 0.0979610011]
        - [0.807398975, -0.544013023, 0.227785006, 1.46007705]
        - [0.571473002, 0.62588799, -0.53055501, 0.0592890009]
    - - - [-0.811191022, -0.324965, -0.485121012, -1.914276]
        - [0.406511992, -0.910476983, -0.0696810037, 1.34348297]
        - [-0.419292003, -0.253856987, 0.871070981, 7.9946599]
      - - [0.157506004, 0.568190992, 0.807542026, 0.0843859985]
        - [0.806720972, -0.545565009, 0.226510003, 1.46048796]
        - [0.569396019, 0.615831017, -0.544341981, 0.0758119971]
    - - - [-0.858374, -0.341015995, -0.381805986, -1.224594]
        - [0.393804014, -0.916078985, -0.0669749975, 1.38065696]
        - [-0.327131003, -0.207892001, 0.921238005, 8.1188488]
      - - [0.167852998, 0.577462018, 0.798808992, 0.0722220019]
        - [0.806011975, -0.546799004, 0.225902006, 1.46091604]
        - [0.567387998, 0.60601598, -0.557300985, 0.0891809985]
    - - - [-0.89517802, -0.34968099, -0.274558991, -0.539726019]
        - [0.379040986, -0.922905028, -0.0603180006, 1.44453204]
        - [-0.232344002, -0.158070996, 0.95924598, 8.16988945]
      - - [0.176957995, 0.586557984, 0.79025799, 0.0619469993]
        - [0.805392981, -0.547685981, 0.226131007, 1.461362]
        - [0.565521002, 0.596508026, -0.569379985, 0.0984039977]
    - - - [-0.922765017, -0.349272013, -0.159198001, 0.163489997]
        - [0.360886008, -0.930603981, -0.0504739992, 1.53396499]
        - [-0.130489007, -0.104024999, 0.985440016, 8.14398479]
      - - [0.184711993, 0.595348001, 0.781814992, 0.0533390008]
        - [0.804930985, -0.547954977, 0.227072001, 1.46182799]
        - [0.563700974, 0.587418973, -0.580482006, 0.103795998]
    - - - [-0.938784003, -0.341504991, -0.0326049998, 0.89823103]
        - [0.342698008, -0.938127995, -0.039779, 1.63088095]
        - [-0.0168960001, -0.0485690013, 0.998224974, 8.02556992]
      - - [0.19122, 0.603872001, 0.773612022, 0.0457799993]
        - [0.804709017, -0.547617972, 0.228549004, 1.46231496]
        - [0.561824977, 0.578917027, -0.590744972, 0.106527001]
    - - - [-0.938269973, -0.329190999, 0.100937001, 1.63635695]
        - [0.327879995, -0.943679988, -0.0299800001, 1.71693695]
        - [0.105244003, 0.00504799979, 0.993951976, 7.80173397]
      - - [0.196667999, 0.612239003, 0.765740991, 0.039154999]
        - [0.804764986, -0.546827018, 0.230489999, 1.46282399]
        - [0.559911013, 0.570972979, -0.600317001, 0.106944002]
    - - - [-0.91862601, -0.315153986, 0.235845998, 2.34655404]
        - [0.319003999, -0.946901977, -0.0226709992, 1.77714002]
        - [0.230680004, 0.0545310006, 0.970960021, 7.47212601]
      - - [0.201225996, 0.620321989, 0.757992983, 0.0333429985]
        - [0.805046022, -0.545534015, 0.232745007, 1.46335697]
        - [0.557976007, 0.56339097, -0.609170973, 0.105393998]
    - - - [-0.879799008, -0.301820993, 0.366053998, 2.99891996]
        - [0.317088991, -0.947740018, -0.0194259994, 1.79951]
        - [0.352905989, 0.0990659967, 0.929961979, 7.05156708]
      - - [0.205043003, 0.628211975, 0.750441015, 0.0282279998]
        - [0.805424988, -0.54390198, 0.235257, 1.46391499]
        - [0.556038976, 0.556231022, -0.617551029, 0.102224998]
    - - - [-0.823837996, -0.29076001, 0.485312015, 3.56561399]
        - [0.321494013, -0.946013987, -0.0210650004, 1.78013098]
        - [0.465606987, 0.138919994, 0.873466015, 6.56259918]
      - - [0.208299994, 0.635864973, 0.742982984, 0.0236900002]
        - [0.805893004, -0.541962028, 0.237905994, 1.464499]
        - [0.55409199, 0.549278975, -0.62541002, 0.0977839977]
    - - - [-0.75604099, -0.28264001, 0.589537978, 4.03380823]
        - [0.331202, -0.942592025, -0.0273700003, 1.72168005]
        - [0.563744009, 0.174739003, 0.806747019, 6.04007006]
      - - [0.211174995, 0.643375993, 0.735700011, 0.0196109992]
        - [0.806428015, -0.539910972, 0.240667999, 1.46510994]
        - [0.552170992, 0.542545974, -0.632946014, 0.0924170017]
    - - - [-0.682265997, -0.277110994, 0.675752997, 4.39691877]
        - [0.344098985, -0.937555015, -0.0371069983, 1.63481796]
        - [0.644316971, 0.207493007, 0.735522985, 5.51762009]
      - - [0.213842005, 0.650650024, 0.728444993, 0.0158740003]
        - [0.806982994, -0.537778974, 0.243443996, 1.46574998]
        - [0.550301015, 0.535863996, -0.640157998, 0.0864740014]
    - - - [-0.609423995, -0.273036003, 0.743807971, 4.6639719]
        - [0.358649999, -0.931671023, -0.0482250005, 1.53389001]
        - [0.706568003, 0.237617999, 0.66604501, 5.02860022]
      - - [0.216471002, 0.657788992, 0.721298993, 0.0123589998]
        - [0.807501972, -0.535767019, 0.246214002, 1.46642101]
        - [0.548500001, 0.529222012, -0.647230029, 0.0803010017]
    - - - [-0.543449998, -0.268941998, 0.794550002, 4.84833622]
        - [0.373053014, -0.925336003, -0.0581390001, 1.43694699]
        - [0.751353979, 0.265067995, 0.60355401, 4.598423]
      - - [0.219246998, 0.664681017, 0.714058995, 0.00894000009]
        - [0.807923019, -0.533882976, 0.248881996, 1.46712196]
        - [0.546787024, 0.522388995, -0.654127002, 0.0742449984]
    - - - [-0.488355994, -0.26147601, 0.832018971, 4.97546816]
        - [0.385358006, -0.920094013, -0.0630469993, 1.36791503]
        - [0.782490015, 0.290105999, 0.55033499, 4.22911787]
      - - [0.221901998, 0.671431005, 0.707023978, 0.00584999984]
        - [0.80833602, -0.532096028, 0.251554996, 1.46784794]
        - [0.545131981, 0.51571703, -0.660845995, 0.0677559972]
    - - - [-0.443376988, -0.248506993, 0.860646009, 5.06582308]
        - [0.393662006, -0.91661799, -0.0619300008, 1.33530605]
        - [0.804753006, 0.311515003, 0.50444603, 3.9004209]
      - - [0.224127993, 0.677865982, 0.700074971, 0.00332099991]
        - [0.808839977, -0.530035019, 0.25425601, 1.468593]
        - [0.543501019, 0.509266019, -0.667086005, 0.0601660013]
    - - - [-0.406888992, -0.231731996, 0.883055985, 5.13043499]
        - [0.398479015, -0.914864004, -0.0565459989, 1.33070397]
        - [0.821448982, 0.32912901, 0.464857012, 3.60501289]
      - - [0.225984007, 0.684158981, 0.69334197, 0.00127699994]
        - [0.809382975, -0.527855992, 0.257028997, 1.46935904]
        - [0.541903973, 0.503120005, -0.673067987, 0.051651001]
    - - - [-0.376801997, -0.212738007, 0.900857985, 5.17555523]
        - [0.400454998, -0.914322972, -0.0485390015, 1.34633398]
        - [0.834638, 0.342743993, 0.429984003, 3.33443904]
      - - [0.227547005, 0.690250993, 0.686717987, -0.000360000005]
        - [0.809983015, -0.525534987, 0.259833992, 1.47014999]
        - [0.540349007, 0.49714601, -0.678730011, 0.0423850007]
    - - - [-0.351040006, -0.193069994, 0.915664017, 5.20710516]
        - [0.400323987, -0.91496098, -0.039551001, 1.37351096]
        - [0.845945001, 0.352885008, 0.398647994, 3.08328891]
      - - [0.228882998, 0.69619602, 0.680208027, -0.00166900002]
        - [0.810615003, -0.523136973, 0.262674004, 1.47097099]
        - [0.538845003, 0.491313994, -0.68415302, 0.0325429998]
    - - - [-0.327495992, -0.173864007, 0.928148985, 5.22695589]
        - [0.398757011, -0.915942013, -0.0309970006, 1.40470195]
        - [0.856078982, 0.360190004, 0.369500011, 2.84702301]
      - - [0.230058998, 0.702067971, 0.673834026, -0.00272700004]
        - [0.811251998, -0.520743012, 0.265563011, 1.471825]
        - [0.537400007, 0.485610008, -0.689435005, 0.0222970005]
    - - - [-0.30437699, -0.156137004, 0.938969016, 5.23745012]
        - [0.396786988, -0.916957021, -0.0239029992, 1.43353295]
        - [0.865401983, 0.365566999, 0.341304988, 2.62213302]
      - - [0.231141999, 0.707723022, 0.667412996, -0.00361200003]
        - [0.811869025, -0.518275976, 0.268436015, 1.47271597]
        - [0.536024988, 0.479865998, -0.694462001, 0.0118230004]
    - - - [-0.280290991, -0.140527993, 0.948934972, 5.24280119]
        - [0.395543009, -0.917636991, -0.0191079993, 1.45372295]
        - [0.874078989, 0.370200992, 0.312981009, 2.40692401]
      - - [0.232197002, 0.713330984, 0.661055982, -0.00440199999]
        - [0.812434971, -0.515886009, 0.271342993, 1.47364795]
        - [0.534722984, 0.474124014, -0.699416995, 0.00129499997]
    - - - [-0.253802001, -0.127343997, 0.958207011, 5.24406385]
        - [0.396034986, -0.917424977, -0.0170980003, 1.46087205]
        - [0.881938994, 0.375364006, 0.283477992, 2.20002294]
      - - [0.233288005, 0.718864977, 0.654688001, -0.00517500006]
        - [0.812907994, -0.513581991, 0.274257004, 1.47462404]
        - [0.533492982, 0.468286991, -0.704284012, -0.00911200047]
    - - - [-0.223762006, -0.116646998, 0.966986001, 5.24414492]
        - [0.399316013, -0.915989995, -0.0181649998, 1.45094395]
        - [0.888518989, 0.382230997, 0.251733989, 2.00004292]
      - - [0.234479994, 0.724264979, 0.648202002, -0.00599899981]
        - [0.813295007, -0.511343002, 0.277161986, 1.47564805]
        - [0.532351017, 0.462258995, -0.709046006, -0.0192249995]
    - - - [-0.191677004, -0.106807999, 0.975024998, 5.2475791]
        - [0.404457986, -0.913755, -0.0206710007, 1.43446505]
        - [0.893743992, 0.390614003, 0.218393996, 1.81296504]
      - - [0.235637993, 0.729606986, 0.641801, -0.00682500005]
        - [0.813615024, -0.50920701, 0.280142009, 1.47670197]
        - [0.531328976, 0.456234992, -0.713715017, -0.029414]
    - - - [-0.160068005, -0.0958430022, 0.981797993, 5.25734615]
        - [0.409660995, -0.911288977, -0.0221999995, 1.42669404]
        - [0.897542, 0.398903996, 0.185307994, 1.64539194]
      - - [0.236598998, 0.734793007, 0.635499001, -0.00752499979]
        - [0.813919008, -0.50701499, 0.283190995, 1.477772]
        - [0.530421019, 0.450309008, -0.718128979, -0.0400660001]
    - - - [-0.129543006, -0.0837159976, 0.987379014, 5.27340984]
        - [0.414896011, -0.90892899, -0.0227010008, 1.42619395]
        - [0.900022984, 0.406906992, 0.152667999, 1.49461603]
      - - [0.237425998, 0.739838004, 0.629261017, -0.00810000021]
        - [0.814199984, -0.504791021, 0.28628701, 1.47886801]
        - [0.529609025, 0.44443801, -0.722333014, -0.0510299988]
    - - - [-0.100433998, -0.070724003, 0.991919994, 5.29491282]
        - [0.42008099, -0.906728029, -0.0222100001, 1.43159604]
        - [0.90141499, 0.414642006, 0.120846003, 1.35882699]
      - - [0.238181993, 0.744831026, 0.623117983, -0.00855300017]
        - [0.814449012, -0.502610028, 0.289434999, 1.48000002]
        - [0.528878987, 0.438623011, -0.726445019, -0.0621559992]
    - - - [-0.0728410035, -0.0571449995, 0.995059013, 5.31803799]
        - [0.425173998, -0.904181004, -0.0209059995, 1.441046]
        - [0.901569009, 0.421750009, 0.0902339965, 1.23665905]
      - - [0.238931999, 0.749689996, 0.616954029, -0.00888700038]
        - [0.814657986, -0.500434995, 0.292576998, 1.481179]
        - [0.528213978, 0.432761014, -0.730413973, -0.0732939988]
    - - - [-0.0470069982, -0.0434000008, 0.997242987, 5.34261799]
        - [0.430258006, -0.901768029, -0.0190549996, 1.45210803]
        - [0.900849998, 0.428406, 0.0611039996, 1.125741]
      - - [0.239739001, 0.754459977, 0.610760987, -0.0091040004]
        - [0.814818978, -0.49831301, 0.295704991, 1.48241305]
        - [0.527598023, 0.426826, -0.734311998, -0.0842939988]
    - - - [-0.0230180006, -0.0297730006, 0.998749971, 5.36745596]
        - [0.435277998, -0.899568021, -0.0168769993, 1.46285796]
        - [0.899462998, 0.434547007, 0.0336729996, 1.02355504]
      - - [0.240666002, 0.759212017, 0.604552984, -0.00920599978]
        - [0.814924002, -0.496313006, 0.298824012, 1.48371303]
        - [0.527015984, 0.420801014, -0.73823899, -0.0950080007]
    - - - [-0.000904000015, -0.0164679997, 0.999239028, 5.38808203]
        - [0.439931005, -0.897197008, -0.0144459996, 1.47288203]
        - [0.897427976, 0.439859986, 0.00808000006, 0.927133024]
      - - [0.241779, 0.763846993, 0.598206997, -0.00919700041]
        - [0.814962983, -0.494392991, 0.301871985, 1.48508894]
        - [0.526450992, 0.414577007, -0.742124975, -0.105283]
    - - - [0.0192310009, -0.00358300004, 0.999144971, 5.40427399]
        - [0.444124013, -0.89518702, -0.0117950002, 1.48136306]
        - [0.895188987, 0.444299012, -0.0156319998, 0.832639992]
      - - [0.243140996, 0.768436015, 0.591735005, -0.00907700043]
        - [0.814929008, -0.492623001, 0.304856986, 1.48655105]
        - [0.525888979, 0.40813601, -0.746065974, -0.114970997]
    - - - [0.0372850001, 0.00913599972, 0.998737991, 5.41430807]
        - [0.451730996, -0.891480029, -0.00881700031, 1.48833299]
        - [0.890783012, 0.451759994, -0.0374139994, 0.736835003]
      - - [0.244806007, 0.773068011, 0.585110009, -0.00884999987]
        - [0.814815998, -0.491048008, 0.307810009, 1.48810899]
        - [0.525312006, 0.401427001, -0.750163972, -0.123920999]
    - - - [0.0532319993, 0.0210679993, 0.997883976, 5.41949177]
        - [0.455056995, -0.890029013, -0.00554999989, 1.49527597]
        - [0.888433993, 0.454510003, -0.056956999, 0.642767012]
      - - [0.246737003, 0.777517974, 0.578302026, -0.0085479999]
        - [0.814625025, -0.489582002, 0.310645998, 1.48977005]
        - [0.524738014, 0.394454986, -0.754190981, -0.132245004]
    - - - [0.0670209974, 0.0322039984, 0.996815979, 5.42417717]
        - [0.458043993, -0.888415992, -0.00217300002, 1.50209498]
        - [0.885921001, 0.456836998, -0.0742850006, 0.556302011]
      - - [0.248812005, 0.781913996, 0.571438015, -0.00818500016]
        - [0.814328015, -0.48824501, 0.313474, 1.49152505]
        - [0.524192989, 0.387358993, -0.758249998, -0.140157998]
    - - - [0.078877002, 0.0426010005, 0.995518029, 5.42788696]
        - [0.46085, -0.886911988, 0.00132200005, 1.50876105]
        - [0.883449018, 0.458911002, -0.0896710008, 0.476298004]
      - - [0.251044005, 0.786221981, 0.564494014, -0.00773900002]
        - [0.813956022, -0.487017989, 0.316282004, 1.49336398]
        - [0.523675978, 0.380106986, -0.762283027, -0.147670999]
    - - - [0.0891269967, 0.0523499995, 0.994054019, 5.43108177]
        - [0.463533998, -0.885339975, 0.00497400016, 1.51532602]
        - [0.881002009, 0.460631996, -0.103289001, 0.401980996]
      - - [0.253437996, 0.790409982, 0.557442009, -0.00718799978]
        - [0.813516021, -0.485879987, 0.319059998, 1.49528003]
        - [0.523182988, 0.372673988, -0.766250014, -0.154791996]
    - - - [0.0979909971, 0.0615970008, 0.992730021, 5.43481302]
        - [0.466114014, -0.883980989, 0.00877400022, 1.52157295]
        - [0.878733993, 0.462247014, -0.115437001, 0.332295001]
      - - [0.255997986, 0.794596016, 0.550365984, -0.0065080002]
        - [0.813010991, -0.484907001, 0.321855992, 1.497262]
        - [0.522710025, 0.36511299, -0.77026403, -0.161532]
    - - - [0.105683997, 0.0704410002, 0.991319001, 5.43771315]
        - [0.46864599, -0.882682979, 0.0127419997, 1.52763104]
        - [0.876559973, 0.463595986, -0.126349002, 0.26631999]
      - - [0.258727014, 0.798602998, 0.543138981, -0.00567900017]
        - [0.812440991, -0.483990014, 0.324602991, 1.49930203]
        - [0.52225399, 0.357338011, -0.774152994, -0.167899996]
    - - - [0.112342998, 0.0790470019, 0.989965022, 5.44042778]
        - [0.470995009, -0.88133502, 0.0168559998, 1.53318]
        - [0.874387026, 0.464700013, -0.136346996, 0.203002006]
      - - [0.261628002, 0.802598, 0.535872996, -0.00467600022]
        - [0.811806023, -0.483233005, 0.327371001, 1.50138998]
        - [0.521813989, 0.349418998, -0.778078973, -0.173906997]
    - - - [0.118286997, 0.0875430033, 0.988578975, 5.44233894]
        - [0.47328499, -0.880074978, 0.0212130006, 1.53865194]
        - [0.872398973, 0.465611994, -0.145609006, 0.141578004]
      - - [0.264705986, 0.806487978, 0.528506994, -0.00347799994]
        - [0.811109006, -0.48258099, 0.330125004, 1.50351799]
        - [0.521384001, 0.341316998, -0.78195101, -0.179561004]
    - - - [0.123685002, 0.0960669965, 0.987119973, 5.44300699]
        - [0.475441992, -0.878836989, 0.0258699991, 1.54423499]
        - [0.870531976, 0.466320008, -0.154423997, 0.0809739977]
      - - [0.267960995, 0.810286999, 0.521045983, -0.00206100009]
        - [0.810343981, -0.482042998, 0.332874, 1.50567496]
        - [0.520963013, 0.333030999, -0.785785019, -0.184873]
    - - - [0.128740996, 0.104858004, 0.985616028, 5.44233179]
        - [0.477438986, -0.877508998, 0.0309120007, 1.55010295]
        - [0.868700981, 0.466809005, -0.163104996, 0.0200999994]
      - - [0.271375, 0.813969016, 0.513471007, -0.000414000009]
        - [0.809445977, -0.481604993, 0.335604012, 1.50784397]
        - [0.520538986, 0.324582011, -0.789629996, -0.189861998]
    - - - [0.132927001, 0.113649003, 0.983967006, 5.44005394]
        - [0.47914499, -0.876296997, 0.0364269987, 1.55623698]
        - [0.867030025, 0.466924995, -0.170990005, -0.0389860012]
      - - [0.275086999, 0.817496002, 0.505706012, 0.00153000001]
        - [0.808439016, -0.481323987, 0.338308007, 1.51001894]
        - [0.520124018, 0.315813005, -0.79341203, -0.194398999]
    - - - [0.135735005, 0.122281998, 0.98259598, 5.43814611]
        - [0.480509013, -0.875274003, 0.0424520001, 1.56250501]
        - [0.865827024, 0.466722995, -0.177678004, -0.0950269997]
      - - [0.279159009, 0.821017981, 0.497815013, 0.00376400002]
        - [0.807307005, -0.481328994, 0.341051996, 1.51218796]
        - [0.519710004, 0.306728005, -0.797299027, -0.198422998]
    - - - [0.137476996, 0.130729005, 0.981262982, 5.43534708]
        - [0.481602997, -0.874364972, 0.0489430018, 1.56931305]
        - [0.864970028, 0.466086, -0.183301002, -0.148249]
      - - [0.283511013, 0.824338019, 0.489728987, 0.00624400005]
        - [0.806074977, -0.481462985, 0.343773991, 1.51437294]
        - [0.519303977, 0.297324985, -0.801060975, -0.202001005]
    - - - [0.138367996, 0.139082998, 0.980139017, 5.43271589]
        - [0.482351005, -0.87370199, 0.0557780005, 1.57638204]
        - [0.864486992, 0.465227008, -0.188136995, -0.199230999]
      - - [0.288064003, 0.827670991, 0.48162201, 0.00892699976]
        - [0.804763973, -0.48180601, 0.346581012, 1.51659298]
        - [0.518908024, 0.287755013, -0.80487299, -0.205201]
    - - - [0.138690993, 0.147297993, 0.978794992, 5.42785597]
        - [0.482740998, -0.872942984, 0.0628769994, 1.58410895]
        - [0.864215016, 0.463973999, -0.192280993, -0.247900993]
      - - [0.292699009, 0.830672979, 0.473340988, 0.0117680002]
        - [0.803291023, -0.482113004, 0.349343002, 1.51886904]
        - [0.518527985, 0.278008997, -0.808472991, -0.208092004]
    - - - [0.138642997, 0.155460998, 0.977665007, 5.42323399]
        - [0.482859999, -0.872403979, 0.0701280013, 1.59214306]
        - [0.864266992, 0.462561011, -0.196089998, -0.295267999]
      - - [0.29737401, 0.833697975, 0.465139002, 0.0147230001]
        - [0.801788986, -0.482538998, 0.352216989, 1.52121997]
        - [0.518167973, 0.268243015, -0.812066972, -0.21074]
    - - - [0.138473004, 0.163498998, 0.976337016, 5.41699791]
        - [0.482764989, -0.871905982, 0.0774570033, 1.60079205]
        - [0.864355028, 0.460821986, -0.199665993, -0.34149]
      - - [0.302011997, 0.836504996, 0.456919014, 0.0177500006]
        - [0.800285995, -0.48289299, 0.355105013, 1.52366698]
        - [0.517832994, 0.258453012, -0.815384984, -0.213212997]
    - - - [0.138363004, 0.171469003, 0.975166976, 5.41090202]
        - [0.482515991, -0.871513009, 0.0847200006, 1.60968697]
        - [0.864642978, 0.458954006, -0.203380004, -0.387542993]
      - - [0.306531012, 0.839344025, 0.448864013, 0.0208020005]
        - [0.798807025, -0.483267009, 0.358112007, 1.52622998]
        - [0.517527997, 0.248793006, -0.81864202, -0.215580001]
    - - - [0.138600007, 0.179336995, 0.973559976, 5.40217781]
        - [0.482059985, -0.870926976, 0.0917690024, 1.61895299]
        - [0.864727974, 0.456833988, -0.207211003, -0.432889014]
      - - [0.31082499, 0.841912985, 0.440851003, 0.0238380004]
        - [0.797308981, -0.483431011, 0.361104995, 1.528929]
        - [0.517256021, 0.239271998, -0.821588993, -0.217906997]
    - - - [0.139381006, 0.187134996, 0.971906006, 5.39288712]
        - [0.481561989, -0.87035203, 0.0984280035, 1.62795699]
        - [0.864804029, 0.454649001, -0.211521, -0.47852999]
      - - [0.314821988, 0.844488025, 0.433057994, 0.0268200003]
        - [0.795864999, -0.483471006, 0.364194006, 1.531775]
        - [0.517023027, 0.230030999, -0.824418008, -0.220264003]
    - - - [0.140302002, 0.194855005, 0.970111012, 5.38258791]
        - [0.481530994, -0.869499028, 0.104916997, 1.63701606]
        - [0.864571989, 0.452773005, -0.215940997, -0.52354598]
      - - [0.31863901, 0.846912026, 0.425352991, 0.0298459996]
        - [0.794470012, -0.483368993, 0.367303997, 1.53475595]
        - [0.516825974, 0.220925003, -0.826990008, -0.222576007]
    - - - [0.141028002, 0.202463999, 0.968481004, 5.37256193]
        - [0.481489986, -0.868744016, 0.111417003, 1.64594603]
        - [0.864503026, 0.450910002, -0.220164001, -0.567305028]
      - - [0.32239899, 0.849331021, 0.417714, 0.0330299996]
        - [0.793075979, -0.483265996, 0.370507985, 1.53782797]
        - [0.516659975, 0.211851999, -0.829487026, -0.22473]
    - - - [0.141650006, 0.209966004, 0.966834009, 5.36198902]
        - [0.481406987, -0.867990971, 0.117908999, 1.65495896]
        - [0.864464998, 0.448991001, -0.224181995, -0.609584987]
      - - [0.326086998, 0.85165298, 0.41012001, 0.0363209993]
        - [0.791692972, -0.483103991, 0.373755008, 1.54099905]
        - [0.51652199, 0.202822, -0.831818998, -0.226739004]
    - - - [0.142243996, 0.217391998, 0.965152025, 5.35075092]
